0.5113	0.0767	0.3445	0.0675	5.8231
0.5279	0.0766	0.3326	0.0629	5.8397
0.5418	0.0764	0.3219	0.0599	5.8558
0.5553	0.0762	0.3113	0.0572	5.8732
0.5699	0.0760	0.2992	0.0549	5.9105
0.5849	0.0758	0.2878	0.0515	5.9161
0.6033	0.0757	0.2744	0.0466	5.9411
0.6304	0.0754	0.2525	0.0417	6.0094
1.0000	0.0000	0.0000	0.0000	6.04604
0.738684	0.0730995	0.156509	0.0284666	6.06468
0.685563	0.0734546	0.206818	0.0333130	5.99768
0.641774	0.0741996	0.245269	0.0377506	5.93640
0.604384	0.0745612	0.274199	0.0433747	5.87520
0.571352	0.0743097	0.299955	0.0506554	5.83018
0.540855	0.0752786	0.322035	0.0571381	5.79182
0.515964	0.0759060	0.338537	0.0642763	5.76332
0.493327	0.0761534	0.352189	0.0720263	5.73575
0.471692	0.0749699	0.367391	0.0787188	5.70024
0.449199	0.0751500   0.380052	0.0886498	5.68166