14.02e-04 	10.01e-04    10.01e-04    10.01e-04	10.01e-04    10.01e-04    10.01e-04	10.01e-04	10.01e-04	10.01e-04	10.01e-04
10.01e-04	10.66e-04		10.66e-04		10.66e-04		10.66e-04		10.66e-04		10.66e-04		10.66e-04		10.66e-04		10.66e-04		10.66e-04
10.01e-04	10.66e-04		10.66e-04		10.66e-04		10.66e-04		10.66e-04		10.66e-04		10.66e-04		10.66e-04		10.66e-04		10.66e-04
10.01e-04	10.66e-04		10.66e-04		10.66e-04		10.66e-04		10.66e-04		10.66e-04		10.66e-04		10.66e-04		10.66e-04		10.66e-04
10.01e-04	10.66e-04		10.66e-04		10.66e-04 	10.66e-04		10.66e-04		10.66e-04		10.66e-04		10.66e-04		10.66e-04		10.66e-04
10.01e-04	10.66e-04		10.66e-04		10.66e-04		10.66e-04		10.66e-04		10.66e-04		10.66e-04		10.66e-04		10.66e-04		10.66e-04
10.01e-04	10.66e-04		10.66e-04		10.66e-04		10.66e-04		10.66e-04		10.66e-04		10.66e-04		10.66e-04		10.66e-04		10.66e-04
10.01e-04	10.66e-04		10.66e-04		10.66e-04		10.66e-04		10.66e-04		10.66e-04		10.66e-04		10.66e-04		10.66e-04		10.66e-04
10.01e-04	10.66e-04		10.66e-04		10.66e-04		10.66e-04		10.66e-04		10.66e-04		10.66e-04		10.66e-04		10.66e-04		10.66e-04
10.01e-04	10.66e-04		10.66e-04		10.66e-04		10.66e-04		10.66e-04		10.66e-04		10.66e-04		10.66e-04		10.66e-04		10.66e-04
10.01e-04	10.66e-04		10.66e-04		10.66e-04		10.66e-04		10.66e-04		10.66e-04		10.66e-04		10.66e-04		10.66e-04		10.66e-04