9.02e-04 	5.01e-04    5.01e-04    5.01e-04	5.01e-04    5.01e-04    5.01e-04	5.01e-04	5.01e-04	5.01e-04	5.01e-04
5.01e-04	5.66e-04		5.66e-04		5.66e-04		5.66e-04		5.66e-04		5.66e-04		5.66e-04		5.66e-04		5.66e-04		5.66e-04
5.01e-04	5.66e-04		5.66e-04		5.66e-04		5.66e-04		5.66e-04		5.66e-04		5.66e-04		5.66e-04		5.66e-04		5.66e-04
5.01e-04	5.66e-04		5.66e-04		5.66e-04		5.66e-04		5.66e-04		5.66e-04		5.66e-04		5.66e-04		5.66e-04		5.66e-04
5.01e-04	5.66e-04		5.66e-04		5.66e-04 	5.66e-04		5.66e-04		5.66e-04		5.66e-04		5.66e-04		5.66e-04		5.66e-04
5.01e-04	5.66e-04		5.66e-04		5.66e-04		5.66e-04		5.66e-04		5.66e-04		5.66e-04		5.66e-04		5.66e-04		5.66e-04
5.01e-04	5.66e-04		5.66e-04		5.66e-04		5.66e-04		5.66e-04		5.66e-04		5.66e-04		5.66e-04		5.66e-04		5.66e-04
5.01e-04	5.66e-04		5.66e-04		5.66e-04		5.66e-04		5.66e-04		5.66e-04		5.66e-04		5.66e-04		5.66e-04		5.66e-04
5.01e-04	5.66e-04		5.66e-04		5.66e-04		5.66e-04		5.66e-04		5.66e-04		5.66e-04		5.66e-04		5.66e-04		5.66e-04
5.01e-04	5.66e-04		5.66e-04		5.66e-04		5.66e-04		5.66e-04		5.66e-04		5.66e-04		5.66e-04		5.66e-04		5.66e-04
5.01e-04	5.66e-04		5.66e-04		5.66e-04		5.66e-04		5.66e-04		5.66e-04		5.66e-04		5.66e-04		5.66e-04		5.66e-04