3.52e-04 	3.26e-04    3.26e-04    3.26e-04	3.26e-04    3.26e-04    3.26e-04	3.26e-04	3.26e-04	3.26e-04	3.26e-04
3.26e-04	3.91e-04		3.91e-04		3.91e-04		3.91e-04		3.91e-04		3.91e-04		3.91e-04		3.91e-04		3.91e-04		3.91e-04
3.26e-04	3.91e-04		3.91e-04		3.91e-04		3.91e-04		3.91e-04		3.91e-04		3.91e-04		3.91e-04		3.91e-04		3.91e-04
3.26e-04	3.91e-04		3.91e-04		3.91e-04		3.91e-04		3.91e-04		3.91e-04		3.91e-04		3.91e-04		3.91e-04		3.91e-04
3.26e-04	3.91e-04		3.91e-04		3.91e-04 	3.91e-04		3.91e-04		3.91e-04		3.91e-04		3.91e-04		3.91e-04		3.91e-04
3.26e-04	3.91e-04		3.91e-04		3.91e-04		3.91e-04		3.91e-04		3.91e-04		3.91e-04		3.91e-04		3.91e-04		3.91e-04
3.26e-04	3.91e-04		3.91e-04		3.91e-04		3.91e-04		3.91e-04		3.91e-04		3.91e-04		3.91e-04		3.91e-04		3.91e-04
3.26e-04	3.91e-04		3.91e-04		3.91e-04		3.91e-04		3.91e-04		3.91e-04		3.91e-04		3.91e-04		3.91e-04		3.91e-04
3.26e-04	3.91e-04		3.91e-04		3.91e-04		3.91e-04		3.91e-04		3.91e-04		3.91e-04		3.91e-04		3.91e-04		3.91e-04
3.26e-04	3.91e-04		3.91e-04		3.91e-04		3.91e-04		3.91e-04		3.91e-04		3.91e-04		3.91e-04		3.91e-04		3.91e-04
3.26e-04	3.91e-04		3.91e-04		3.91e-04		3.91e-04		3.91e-04		3.91e-04		3.91e-04		3.91e-04		3.91e-04		3.91e-04