8.21e-04 	2.01e-04        2.01e-04        2.01e-04	    2.01e-04        2.01e-04        2.01e-04	    2.01e-04	    2.01e-04	    2.01e-04	    2.01e-04
2.01e-04	8.21e-04		8.21e-04		8.21e-04		8.21e-04		8.21e-04		8.21e-04		8.21e-04		8.21e-04		8.21e-04		8.21e-04
2.01e-04	8.21e-04		8.21e-04		8.21e-04		8.21e-04		8.21e-04		8.21e-04		8.21e-04		8.21e-04		8.21e-04		8.21e-04
2.01e-04	8.21e-04		8.21e-04		8.21e-04		8.21e-04		8.21e-04		8.21e-04		8.21e-04		8.21e-04		8.21e-04		8.21e-04
2.01e-04	8.21e-04		8.21e-04		8.21e-04 	    8.21e-04		8.21e-04		8.21e-04		8.21e-04		8.21e-04		8.21e-04		8.21e-04
2.01e-04	8.21e-04		8.21e-04		8.21e-04		8.21e-04		8.21e-04		8.21e-04		8.21e-04		8.21e-04		8.21e-04		8.21e-04
2.01e-04	8.21e-04		8.21e-04		8.21e-04		8.21e-04		8.21e-04		8.21e-04		8.21e-04		8.21e-04		8.21e-04		8.21e-04
2.01e-04	8.21e-04		8.21e-04		8.21e-04		8.21e-04		8.21e-04		8.21e-04		8.21e-04		8.21e-04		8.21e-04		8.21e-04
2.01e-04	8.21e-04		8.21e-04		8.21e-04		8.21e-04		8.21e-04		8.21e-04		8.21e-04		8.21e-04		8.21e-04		8.21e-04
2.01e-04	8.21e-04		8.21e-04		8.21e-04		8.21e-04		8.21e-04		8.21e-04		8.21e-04		8.21e-04		8.21e-04		8.21e-04
2.01e-04	8.21e-04		8.21e-04		8.21e-04		8.21e-04		8.21e-04		8.21e-04		8.21e-04		8.21e-04		8.21e-04		8.21e-04