2.268e-04 	0.00000 	0.00000 	0.00000 	0.00000 	0.00000 	0.00000 	0.00000 	0.00000 	0.00000 	0.00000
0.00000 	2.66e-04		2.66e-04		2.66e-04		2.66e-04		2.66e-04		2.66e-04		2.66e-04		2.66e-04		2.66e-04		2.66e-04
0.00000 	2.66e-04		2.66e-04		2.66e-04		2.66e-04		2.66e-04		2.66e-04		2.66e-04		2.66e-04		2.66e-04		2.66e-04
0.00000 	2.66e-04		2.66e-04		2.66e-04		2.66e-04		2.66e-04		2.66e-04		2.66e-04		2.66e-04		2.66e-04		2.66e-04
0.00000 	2.66e-04		2.66e-04		2.66e-04 	2.66e-04		2.66e-04		2.66e-04		2.66e-04		2.66e-04		2.66e-04		2.66e-04
0.00000 	2.66e-04		2.66e-04		2.66e-04		2.66e-04		2.66e-04		2.66e-04		2.66e-04		2.66e-04		2.66e-04		2.66e-04
0.00000 	2.66e-04		2.66e-04		2.66e-04		2.66e-04		2.66e-04		2.66e-04		2.66e-04		2.66e-04		2.66e-04		2.66e-04
0.00000 	2.66e-04		2.66e-04		2.66e-04		2.66e-04		2.66e-04		2.66e-04		2.66e-04		2.66e-04		2.66e-04		2.66e-04
0.00000 	2.66e-04		2.66e-04		2.66e-04		2.66e-04		2.66e-04		2.66e-04		2.66e-04		2.66e-04		2.66e-04		2.66e-04
0.00000 	2.66e-04		2.66e-04		2.66e-04		2.66e-04		2.66e-04		2.66e-04		2.66e-04		2.66e-04		2.66e-04		2.66e-04
0.00000 	2.66e-04		2.66e-04		2.66e-04		2.66e-04		2.66e-04		2.66e-04		2.66e-04		2.66e-04		2.66e-04		2.66e-04