1.0E-5 0.3898475521831898
0.01 2.1252739505196643
0.02 3.8641726052429255
0.03 4.194972578824296
0.04 1.5374532420137388
0.05 1.6492527354487352
0.06 1.4270199256393514
0.07 1.4008535474257875
0.08 1.4123358023648238
0.09 1.7104460241028507
0.1 1.9923968214447436
0.11 2.3164412461090156
0.12 2.539745418457286
0.13 2.872591466619343
0.14 3.207455977655295
0.15 3.55534464951562
0.16 2.8556602334680012
0.17 3.1086595668051538
0.18 3.3668710263913346
0.19 3.5218427795334
0.2 3.778021209925336
0.21 4.038093279677357
0.22 4.301867807045381
0.23 3.605591488570986
0.24 3.808287926348077
0.25 3.3844027644180232
0.26 3.5426162761798987
0.27 2.9659024816311623
0.28 3.102149460893601
0.29 3.1741376562919474
0.3 2.7923147061351865
0.31 2.8903467747888083
0.32 2.773154083397297
0.33 2.861279003067514
0.34 2.9513559327336742
0.35000000000000003 2.5827245095455615
0.36 2.6659939474779857
0.37 2.5764616624822123
0.38 2.626273946256642
0.39 2.7009580492186753
0.4 2.6367954863930523
0.41000000000000003 2.652602119717734
0.42 2.7199919252645284
0.43 2.7841437181152617
0.44 2.619037136889724
0.45 2.668034583770696
0.46 2.7146899937730127
0.47000000000000003 2.7061390036346613
0.48 2.760202427048388
0.49 2.8095316366141776
0.5 2.8588776208193
0.51 2.9107893045867588
0.52 2.765263721466389
0.53 2.775519192495558
0.54 2.8038299294691233
0.55 2.7966166091487934
0.56 2.8267514129881337
0.5700000000000001 2.655694192294997
0.58 2.6841716311824966
0.59 2.5703575461021817
0.6 2.6051756719440515
0.61 2.538017227249373
0.62 2.571734900265467
0.63 2.602503296635325
0.64 2.607228176514939
0.65 2.60445315651897
0.66 2.6191998976135236
0.67 2.5839388387695155
0.68 2.6065818915675614
0.6900000000000001 2.547560058507483
0.7000000000000001 2.5640402967078044
0.71 2.567480294304122
0.72 2.584645948853957
0.73 2.6067052182400587
0.74 2.6096521842660674
0.75 2.608767865606699
0.76 2.6093541954725117
0.77 2.623564919985034
0.78 2.6073744515064727
0.79 2.6210832014104932
0.8 2.6335221184038486
0.81 2.5985905764659067
0.8200000000000001 2.610827539826033
0.8300000000000001 2.622746325802097
0.84 2.614729820785976
0.85 2.613002807508949
0.86 2.6235939410693563
0.87 2.611241927147391
0.88 2.6159252311250323
0.89 2.5808375775343775
0.9 2.5758458764294123
0.91 2.582479983638677
0.92 2.4679125435787848
0.93 2.471726355954626
0.9400000000000001 2.4030027337318045
0.9500000000000001 2.380102691730713
0.96 2.386161455987046
0.97 2.3831597186080744
0.98 2.3866451799096517
0.99 2.3907581429415004
1.0 2.394099187376527
1.01 2.2561274585784754
1.02 2.2520940772612033
1.03 2.214334378116401
1.04 2.20733245840526
1.05 2.2085666925376337
1.06 2.2097476851552647
1.07 2.1983981987839396
1.08 2.183439407220025
1.09 2.178716103460653
1.1 2.1799015996317617
1.11 2.170901888688969
1.12 2.1221276847475257
1.1300000000000001 2.122793875095985
1.1400000000000001 2.0968587678066597
1.1500000000000001 2.0944964391971364
1.16 2.0881535926586308
1.17 2.07844696841644
1.18 2.073121046109456
1.19 2.040133319863162
1.2 2.01248254126918
1.21 1.9753430526672315
1.22 1.9269418936414011
1.23 1.86429535780958
1.24 1.8599431132875663
1.25 1.846837659477799
1.26 1.8426384978344519
1.27 1.8375438315300188
1.28 1.791557490925655
1.29 1.7871476733437937
1.3 1.7837570698684393
1.31 1.7336233726119883
1.32 1.729714875543013
1.33 1.7204225555898263
1.34 1.7190353791334787
1.35 1.7162670219315803
1.36 1.6867987004160971
1.37 1.6707513973529788
1.3800000000000001 1.6585303921159287
1.3900000000000001 1.6542700289151837
1.4000000000000001 1.6475012945425804
1.41 1.6318683783965626
1.42 1.6271403643145894
1.43 1.6240058359734815
1.44 1.6225707671286635
1.45 1.6196096443479453
1.46 1.610308490921065
1.47 1.6013289108395752
1.48 1.5846098838011748
1.49 1.5823074876322014
1.5 1.5667947378189282
1.51 1.5557309777915427
1.52 1.5533759413387715
1.53 1.5474675268590061
1.54 1.5452124744231421
1.55 1.528102188926767
1.56 1.5250735332190108
1.57 1.518137241587433
1.58 1.5129707676452646
1.59 1.5084449113908105
1.6 1.5034010140754959
1.61 1.4964416199257342
1.62 1.4899676823455155
1.6300000000000001 1.4857529529059263
1.6400000000000001 1.4776890023387712
1.6500000000000001 1.4716835267018853
1.6600000000000001 1.4664635583610235
1.67 1.4609315668277896
1.68 1.4508964937138675
1.69 1.447234904922168
1.7 1.4378239816655596
1.71 1.4311552164351498
1.72 1.4241076097802878
1.73 1.419283733133839
1.74 1.4149436459448805
1.75 1.408484987608414
1.76 1.3901949610311168
1.77 1.3846009967951243
1.78 1.3770338859792395
1.79 1.369978994026391
1.8 1.3586225930442433
1.81 1.3346580707306142
1.82 1.329663305902274
1.83 1.3227623225561493
1.84 1.3157993086050903
1.85 1.3087412014924025
1.86 1.3000235482967486
1.87 1.2938544404465728
1.8800000000000001 1.2882811080971777
1.8900000000000001 1.2807200588620953
1.9000000000000001 1.2730599043575723
1.9100000000000001 1.262747622841681
1.92 1.2399807292273086
1.93 1.2297917392757192
1.94 1.222027308810505
1.95 1.2145323786763034
1.96 1.2083264408014334
1.97 1.1980117116431785
1.98 1.1770020476675995
1.99 1.1719299103411633
2.0 1.1660032055174459
2.0100000000000002 1.1599544337606391
2.02 1.1546052086880196
2.0300000000000002 1.1493041214538278
2.04 1.144325898732538
2.05 1.1383889470805002
2.06 1.13273656834195
2.07 1.1264481065056349
2.08 1.1189032905345286
2.09 1.0959262898062165
2.1 1.0892636946044536
2.11 1.0809772634879875
2.12 1.0762737523199022
2.13 1.0714610937134788
2.14 1.0635953578586574
2.15 1.0550677158175878
2.16 1.042267046028973
2.17 1.034707492580813
2.18 1.030404400242142
2.19 1.024306679452546
2.2 1.0195101812017908
2.21 1.0150489588406504
2.22 1.0068788184453206
2.23 0.9992305738485784
2.24 0.9921793279109825
2.25 0.9849125671678758
2.2600000000000002 0.9785707778367835
2.27 0.9709907433498512
2.2800000000000002 0.960391609645543
2.29 0.9532865842720502
2.3000000000000003 0.948670494231935
2.31 0.9442670721920787
2.32 0.9216581577507998
2.33 0.9145350931780236
2.34 0.9096020826946437
2.35 0.9057928618395051
2.36 0.9001678463509049
2.37 0.894924989865187
2.38 0.8897449356322589
2.39 0.8844201591100923
2.4 0.8805097651533618
2.41 0.8754154526072542
2.42 0.867663430762843
2.43 0.863739866668363
2.44 0.8582694360885825
2.45 0.8407009809531838
2.46 0.8364937692785422
2.47 0.8297729605432408
2.48 0.8252353266730176
2.49 0.8208461631816968
2.5 0.8136461592241648
2.5100000000000002 0.8095464152635043
2.52 0.8055455694241755
2.5300000000000002 0.799779828391284
2.54 0.7953122927880716
2.5500000000000003 0.7894017056831895
2.56 0.7852383794879748
2.57 0.7782064737150347
2.58 0.7726809353797787
2.59 0.7681778532915022
2.6 0.7619327663932404
2.61 0.757548783953832
2.62 0.7511764576223474
2.63 0.7438956315945623
2.64 0.7359512662689349
2.65 0.7312565032597291
2.66 0.7265598495797762
2.67 0.7184254881801432
2.68 0.7140641440185891
2.69 0.7100449383611374
2.7 0.7034050668633709
2.71 0.6996302113469222
2.72 0.6957486921575238
2.73 0.6914493619371086
2.74 0.6860371645907375
2.75 0.6799680638308147
2.7600000000000002 0.6758039199709013
2.77 0.6715806594658497
2.7800000000000002 0.6668123379343315
2.79 0.6629378239259063
2.8000000000000003 0.6589420608461138
2.81 0.6549628744317548
2.82 0.650086461097
2.83 0.6440136283718033
2.84 0.6401162661846452
2.85 0.636339746499954
2.86 0.632187064151755
2.87 0.6278774750257897
2.88 0.6240201479006968
2.89 0.6200360724439681
2.9 0.6083817092166399
2.91 0.6037630043912652
2.92 0.599509032315745
2.93 0.5874554369810481
2.94 0.5824125105617092
2.95 0.5734472526057414
2.96 0.5692950971847424
2.97 0.56598351966785
2.98 0.5625323484588998
2.99 0.5591935732157289
3.0 0.5488498557531066
3.0100000000000002 0.5450200855833475
3.02 0.541931733611051
3.0300000000000002 0.5366250423248834
3.04 0.5330083238162066
3.0500000000000003 0.5298994351274381
3.06 0.5260061678634603
3.0700000000000003 0.5215887086402347
3.08 0.5184815570062544
3.09 0.5152325206879601
3.1 0.5116841681115575
3.11 0.5083152203264912
3.12 0.504597075965543
3.13 0.5014559074315187
3.14 0.4981276381794626
3.15 0.4949780370641372
3.16 0.4895848122838088
3.17 0.4855546930427332
3.18 0.4824453800293279
3.19 0.4788250465435112
3.2 0.47567619646063675
3.21 0.4724867303213272
3.22 0.4690206713183781
3.23 0.4633385972857197
3.24 0.46019509562361033
3.25 0.4561737769888398
3.2600000000000002 0.45312402653955725
3.27 0.4500830179091958
3.2800000000000002 0.44678321192357223
3.29 0.4434524603195967
3.3000000000000003 0.4402345917303131
3.31 0.4366185731205614
3.3200000000000003 0.4328934527101831
3.33 0.4298800135937401
3.34 0.42617962834332485
3.35 0.42319678205088807
3.36 0.42021382599075574
3.37 0.41625223933176037
3.38 0.41272780136298254
3.39 0.40944857714021105
3.4 0.40636719335833305
3.41 0.39969644709776475
3.42 0.3919530822893478
3.43 0.3853654927891285
3.44 0.38270821909657377
3.45 0.37993209311711
3.46 0.37718176279033266
3.47 0.37473955007466475
3.48 0.3708274357520559
3.49 0.36779261796643753
3.5 0.3646620990436612
3.5100000000000002 0.3616914239676837
3.52 0.3590473978678887
3.5300000000000002 0.3564536974982379
3.54 0.35369980695121334
3.5500000000000003 0.3466797536248281
3.56 0.3442022132444341
3.5700000000000003 0.34187917837733534
3.58 0.33940038688208274
3.59 0.33698898238375774
3.6 0.3344908603907912
3.61 0.3317105972115614
3.62 0.32860236663940084
3.63 0.3262323497430152
3.64 0.3237495059285903
3.65 0.3186041270234256
3.66 0.31614440115250814
3.67 0.31383320510566864
3.68 0.3115551851850397
3.69 0.3065430230126301
3.7 0.30432501901324527
3.71 0.3000639965078855
3.72 0.29795621753673224
3.73 0.2957879983180792
3.74 0.2936507790783195
3.75 0.2900901934168322
3.7600000000000002 0.28798623262396617
3.77 0.28553784208904975
3.7800000000000002 0.2828152882134379
3.79 0.28043366020426636
3.8000000000000003 0.27806260988731935
3.81 0.2759850679038929
3.8200000000000003 0.2736575217476412
3.83 0.2715679000946747
3.84 0.2695387399558538
3.85 0.2648450405051911
3.86 0.2626538023336559
3.87 0.26053821635985075
3.88 0.25854302145408864
3.89 0.25612966226541123
3.9 0.2541242726232633
3.91 0.25207722866040455
3.92 0.2500047988846329
3.93 0.24799121548966666
3.94 0.24569767670602663
3.95 0.24367729752605297
3.96 0.24131783181685065
3.97 0.23923563591361072
3.98 0.23721376804856126
3.99 0.23481243027611842
4.0 0.23286267783122752
4.01 0.22867345490992627
4.0200000000000005 0.22668947903181302
4.03 0.22466481484574585
4.04 0.222595789235928
4.05 0.22041738321236654
4.0600000000000005 0.21827965095775306
4.07 0.2162879752032262
4.08 0.2142414214620035
4.09 0.21232754502744433
4.1 0.21041064852788738
4.11 0.20854800681093363
4.12 0.2062514044291536
4.13 0.20438476891060342
4.14 0.20255161767776433
4.15 0.20036439214171708
4.16 0.1986271578207478
4.17 0.19338580741435535
4.18 0.19099346067974063
4.19 0.1892948792727544
4.2 0.18751155315037094
4.21 0.18597653025324068
4.22 0.1804725881784406
4.23 0.17714849832750118
4.24 0.17541614018501644
4.25 0.17366973430094132
4.26 0.1721348496087856
4.2700000000000005 0.1705908277006252
4.28 0.16902250662843155
4.29 0.16746879012057073
4.3 0.16568898983434446
4.3100000000000005 0.16331035648635836
4.32 0.1617527085899105
4.33 0.16020458007259572
4.34 0.15768606733855708
4.3500000000000005 0.1560434090298719
4.36 0.1545738651729272
4.37 0.1531050946914539
4.38 0.15165695466409848
4.39 0.15023612306814702
4.4 0.14872429796447367
4.41 0.14703161047532504
4.42 0.14554871872156222
4.43 0.14415494766060638
4.44 0.14280508493643515
4.45 0.14132461418518213
4.46 0.1379319378805702
4.47 0.13657664002475303
4.48 0.13534725421283378
4.49 0.13294794806404586
4.5 0.13158756637173946
4.51 0.12958344022354887
4.5200000000000005 0.12838296152882364
4.53 0.12716451850341218
4.54 0.12254413379501887
4.55 0.12080492406451168
4.5600000000000005 0.1190735214646317
4.57 0.11795511061273087
4.58 0.11653783223515676
4.59 0.1139379020458461
4.6000000000000005 0.11274839191298644
4.61 0.11180106151151217
4.62 0.10957206387627592
4.63 0.10858337519743098
4.64 0.1077095096806187
4.65 0.10652776016629255
4.66 0.10563213562612386
4.67 0.10422863436454463
4.68 0.10330793798126477
4.69 0.10243239211105892
4.7 0.10141688789803864
4.71 0.10029128117521117
4.72 0.09944208158676149
4.73 0.09854946206320052
4.74 0.09761913671690867
4.75 0.09679616102855186
4.76 0.09587478413131544
4.7700000000000005 0.09464702731752468
4.78 0.09280309020920868
4.79 0.09204100569420415
4.8 0.09126134240392161
4.8100000000000005 0.0904988715857217
4.82 0.08968407233215243
4.83 0.08871205290228613
4.84 0.08786088662048579
4.8500000000000005 0.08704156936424302
4.86 0.08624220252583009
4.87 0.08549511407277054
4.88 0.08463474907136782
4.89 0.08364483509591207
4.9 0.08286422255074549
4.91 0.08215490130919761
4.92 0.08035973250989896
4.93 0.07966300199128423
4.94 0.07888409332120354
4.95 0.07817385025941181
4.96 0.07743051488692171
4.97 0.07599405826832625
4.98 0.0752696690368345
4.99 0.07455672241474218
5.0 0.07387178415761375
5.01 0.07317135139719673
5.0200000000000005 0.0723691444452671
5.03 0.07171085701418226
5.04 0.07106110839524822
5.05 0.07043690510765684
5.0600000000000005 0.06936326011710593
5.07 0.06872963740075369
5.08 0.06808713698252905
5.09 0.06712523721234387
5.1000000000000005 0.06649650864928716
5.11 0.06557810800610175
5.12 0.06471530913146165
5.13 0.06376172496954657
5.14 0.06303131637466237
5.15 0.06241672370712381
5.16 0.06186585763496779
5.17 0.061254005603300965
5.18 0.06059995232706872
5.19 0.05998061500300529
5.2 0.05886311887146059
5.21 0.058355954938353605
5.22 0.05778841357055079
5.23 0.05725138805552625
5.24 0.05674096212351168
5.25 0.05623790024653879
5.26 0.05555898999407062
5.2700000000000005 0.05500663234630102
5.28 0.05449442994914408
5.29 0.05382199055665982
5.3 0.05334614542814854
5.3100000000000005 0.052852960579926514
5.32 0.05190794232234863
5.33 0.05128731337987913
5.34 0.05068158878781352
5.3500000000000005 0.05023900975178648
5.36 0.049770366275769896
5.37 0.04929510063405598
5.38 0.04885117742206788
5.39 0.04836555679867715
5.4 0.04779037735348448
5.41 0.04730524611006433
5.42 0.0468266791500602
5.43 0.04634686668191673
5.44 0.0459042902872477
5.45 0.04547730410805839
5.46 0.04505498737164333
5.47 0.04462435142849136
5.48 0.04420791030436653
5.49 0.043263413087044664
5.5 0.04285867925914889
5.51 0.042308717348100114
5.5200000000000005 0.04189490562063414
5.53 0.041477023782832946
5.54 0.041078509559085374
5.55 0.04045981724697488
5.5600000000000005 0.040068813474152164
5.57 0.03964333807787338
5.58 0.039262450830320136
5.59 0.038876242091449596
5.6000000000000005 0.038473276618092335
5.61 0.03804849712150223
5.62 0.037432143015688736
5.63 0.03705240778475339
5.64 0.03660291521823826
5.65 0.03623948330285788
5.66 0.035874333189448826
5.67 0.03548483576028239
5.68 0.03511992316350695
5.69 0.03462696133282505
5.7 0.034264343414787644
5.71 0.033909026206346934
5.72 0.03355286065913015
5.73 0.033194702584576706
5.74 0.03281994302909443
5.75 0.03246177879153318
5.76 0.03195104589423264
5.7700000000000005 0.031614376663609334
5.78 0.03126127137906047
5.79 0.030929621675510936
5.8 0.03057748226720375
5.8100000000000005 0.030211703183364063
5.82 0.02980776470729745
5.83 0.029484564991461053
5.84 0.029168118796832485
5.8500000000000005 0.02868610027512769
5.86 0.028263905777855845
5.87 0.027888411060465357
5.88 0.02757845288791905
5.89 0.02643274804126073
5.9 0.026153205341110715
5.91 0.025845191679781127
5.92 0.025372249466358777
5.93 0.025091846928774635
5.94 0.024809137984079445
5.95 0.02454379480851178
5.96 0.024259394963532785
5.97 0.023993864237350695
5.98 0.023729789448216056
5.99 0.02346347484628931
6.0 0.02309380033400571
6.01 0.02281791801750729
6.0200000000000005 0.02249074191147911
6.03 0.022230875567449557
6.04 0.02192518872988991
6.05 0.02168117730010612
6.0600000000000005 0.021386722257452948
6.07 0.02110992879892869
6.08 0.020814008452376753
6.09 0.020269066644019482
6.1000000000000005 0.019837195298317626
6.11 0.019598317428468418
6.12 0.01935935200828183
6.13 0.019145197362405008
6.140000000000001 0.018922725627808494
6.15 0.018707270260101664
6.16 0.018497266921032082
6.17 0.01821942980905117
6.18 0.01801126770445288
6.19 0.017805124333696114
6.2 0.01756582917921621
6.21 0.017339641933867497
6.22 0.01710091613910464
6.23 0.016354333256050266
6.24 0.01616531392307751
6.25 0.015977155122274874
6.26 0.015765551554647417
6.2700000000000005 0.015516321018834479
6.28 0.015212651736761793
6.29 0.015006363252921647
6.3 0.01483228486383838
6.3100000000000005 0.014662057157668476
6.32 0.014492349136886535
6.33 0.014316002513636477
6.34 0.014141587881185939
6.3500000000000005 0.01397912563823919
6.36 0.01381527261728948
6.37 0.013656220202896656
6.38 0.013510519385736799
6.390000000000001 0.01273284343603355
6.4 0.012595619309184828
6.41 0.012458084847807983
6.42 0.012311816730105684
6.43 0.012172317092810197
6.44 0.012036993429688706
6.45 0.01190295529449145
6.46 0.011769482085161372
6.47 0.011633216869348826
6.48 0.011499887246482713
6.49 0.011357604036585096
6.5 0.011226115158904367
6.51 0.011089567623794936
6.5200000000000005 0.010902293536985503
6.53 0.010683381954239707
6.54 0.010557522693752916
6.55 0.010431868265647406
6.5600000000000005 0.010306011070476162
6.57 0.010178126710638113
6.58 0.010052717370518858
6.59 0.00984506598122169
6.6000000000000005 0.0097254155074913
6.61 0.009580253226276333
6.62 0.00946204041644225
6.63 0.00934346998450815
6.640000000000001 0.009226645542987482
6.65 0.009110617953879688
6.66 0.008958393134682748
6.67 0.008814131236493019
6.68 0.008699688166823262
6.69 0.0085891119365907
6.7 0.008424279664413895
6.71 0.00829737086718012
6.72 0.008178626518094026
6.73 0.008071775494741525
6.74 0.007963352993876498
6.75 0.007855277641028667
6.76 0.007743188790372501
6.7700000000000005 0.007642545795474982
6.78 0.007492337828647335
6.79 0.007382783018118326
6.8 0.007283140209784585
6.8100000000000005 0.007178045159692767
6.82 0.0070724468978860455
6.83 0.006874159542837253
6.84 0.006780221963688773
6.8500000000000005 0.0066719622510628095
6.86 0.0065670579062821425
6.87 0.006474433460773983
6.88 0.006379195417844664
6.890000000000001 0.0062820417049077315
6.9 0.006184741022877654
6.91 0.006088814884776329
6.92 0.005964248607568721
6.93 0.005851969530596137
6.94 0.0057642814014293425
6.95 0.005675240880168066
6.96 0.0055872995446539665
6.97 0.005487718066162247
6.98 0.005404490969378415
6.99 0.005317832477052996
7.0 0.005226671855784213
7.01 0.005145150557391563
7.0200000000000005 0.00506518181430125
7.03 0.0049841948953629235
7.04 0.004907270199865431
7.05 0.004816703922681904
7.0600000000000005 0.004714798666969757
7.07 0.004638492855331748
7.08 0.004568235391874739
7.09 0.00448272862312344
7.1000000000000005 0.00442232255230031
7.11 0.0038852767339496016
7.12 0.0038270629035903397
7.13 0.0037685134036443808
7.140000000000001 0.0037017823787649272
7.15 0.0036506030061021705
7.16 0.003600315847376556
7.17 0.003550188508074109
7.18 0.0035004585592395064
7.19 0.003450707991761533
7.2 0.0033959206101916713
7.21 0.003347333529387921
7.22 0.00328987557948752
7.23 0.0032392464065820717
7.24 0.0031854776795539556
7.25 0.0031385460112654767
7.26 0.0030918867956461014
7.2700000000000005 0.0030423667878737475
7.28 0.0029950613157802538
7.29 0.0029429806572092215
7.3 0.002898195418893894
7.3100000000000005 0.0028535260466192635
7.32 0.002814126453969446
7.33 0.002607088502831886
7.34 0.002568452969038479
7.3500000000000005 0.002530388596051597
7.36 0.0023747480769059793
7.37 0.0023408163234598456
7.38 0.0023072876731215393
7.390000000000001 0.0022665811776470756
7.4 0.002232694737293574
7.41 0.0021981176802620996
7.42 0.002165756674579144
7.43 0.0021335601249858204
7.44 0.0021018957458746185
7.45 0.0020657918831274305
7.46 0.002036386463490214
7.47 0.0019237805496613602
7.48 0.0018970304943134164
7.49 0.0018213053144363065
7.5 0.001792339412070264
7.51 0.001765513995207525
7.5200000000000005 0.0017399208034645612
7.53 0.0017138265962082925
7.54 0.0016770300387419484
7.55 0.001651921114310205
7.5600000000000005 0.0015977970856920392
7.57 0.0015685443581744507
7.58 0.0015445293046127495
7.59 0.0015210912295251869
7.6000000000000005 0.001490172156816783
7.61 0.001466351984501549
7.62 0.0014434495818489042
7.63 0.0014209690164863889
7.640000000000001 0.0013830434983532348
7.65 0.0013595283672430364
7.66 0.0013376807310638704
7.67 0.001315193913353328
7.68 0.0012912865031290176
7.69 0.001269941614143283
7.7 0.001248731208953214
7.71 0.0012268714509133024
7.72 0.0012059582831045938
7.73 0.0011849696211928588
7.74 0.0011643474564481497
7.75 0.001143502816082083
7.76 0.0011231979186797096
7.7700000000000005 0.0011015055456643397
7.78 0.0010804758094813574
7.79 0.0010606620876705798
7.8 0.0010409174873831921
7.8100000000000005 0.001021507521171046
7.82 9.988178839906053E-4
7.83 9.79172807665126E-4
7.84 9.603379142586241E-4
7.8500000000000005 9.391062956293522E-4
7.86 9.205444725940929E-4
7.87 8.763897734147322E-4
7.88 8.590241027862999E-4
7.890000000000001 8.375375458840367E-4
7.9 8.20561793481511E-4
7.91 8.037578427697381E-4
7.92 7.870945786536971E-4
7.930000000000001 7.705450933991367E-4
7.94 7.541142916227524E-4
7.95 7.379160971473893E-4
7.96 7.213050788538575E-4
7.97 7.054541735688459E-4
7.98 6.854534835358442E-4
7.99 6.698665872648282E-4
8.0 6.546371336434416E-4
8.01 6.395866654350561E-4
8.02 6.223772822597763E-4
8.03 6.07948468479172E-4
8.040000000000001 5.938175068597575E-4
8.05 5.800307727981811E-4
8.06 5.666202313798221E-4
8.07 5.53806452368623E-4
8.08 5.414935861360082E-4
8.09 5.331945784592622E-4
8.1 3.284577753163476E-4
8.11 3.2303760897903254E-4
8.120000000000001 3.033847691536633E-4
8.13 2.937883545280059E-4
8.14 2.8469444240917786E-4
8.15 2.797705301476837E-4
8.16 2.7436104287250084E-4
8.17 2.649469599621534E-4
8.18 2.5542369630282276E-4
8.19 2.510432228488622E-4
8.2 2.4443562588452795E-4
8.21 2.4026518421797115E-4
8.22 2.3251148516071143E-4
8.23 2.281334872973382E-4
8.24 2.2264227530435586E-4
8.25 2.1875797382711853E-4
8.26 2.1498303602741336E-4
8.27 2.0774598663626337E-4
8.28 2.0383507704799096E-4
8.290000000000001 2.002201927853214E-4
8.3 1.9671724230015418E-4
8.31 1.932854432078501E-4
8.32 1.8993104756125242E-4
8.33 1.866705626543207E-4
8.34 1.8271733278179536E-4
8.35 1.425567063910429E-4
8.36 1.401322777139278E-4
8.370000000000001 1.3789805339276245E-4
8.38 1.3598994936478737E-4
8.39 1.33886856748545E-4
8.4 1.3168298758156873E-4
8.41 1.2982538873930154E-4
8.42 1.2773995142422516E-4
8.43 1.2585500774920844E-4
8.44 1.235724757863029E-4
8.45 1.2156024526566307E-4
8.46 1.1973745247981845E-4
8.47 1.1799040213623107E-4
8.48 1.1611410378867682E-4
8.49 1.1384221013135813E-4
8.5 1.1207553374090785E-4
8.51 1.1026093536234183E-4
8.52 1.0848593902523966E-4
8.53 1.0682004638302818E-4
8.540000000000001 1.0509594274765816E-4
8.55 1.0345102268335613E-4
8.56 1.0184116612962605E-4
8.57 9.923765935344635E-5
8.58 9.765202715523717E-5
8.59 9.607621214389893E-5
8.6 9.451190229654803E-5
8.61 9.295847612496423E-5
8.620000000000001 9.141781454569409E-5
8.63 8.990136628712939E-5
8.64 8.757559813772324E-5
8.65 8.610566593510074E-5
8.66 8.412152917231781E-5
8.67 8.265007020219375E-5
8.68 8.121331959641523E-5
8.69 7.977687060877065E-5
8.700000000000001 7.815738590150147E-5
8.71 7.633771534298229E-5
8.72 7.496299565505926E-5
8.73 7.359963318722609E-5
8.74 7.223855862234223E-5
8.75 7.069851946949321E-5
8.76 6.911818349088641E-5
8.77 6.781673977576982E-5
8.78 6.653103361996931E-5
8.790000000000001 6.509368831009574E-5
8.8 6.384676247930288E-5
8.81 6.262099822138425E-5
8.82 6.141506898268748E-5
8.83 6.0376572505247906E-5
8.84 5.181536809746668E-5
8.85 5.086808772566091E-5
8.86 4.992825398931519E-5
8.870000000000001 4.899738091548452E-5
8.88 4.807553655762487E-5
8.89 4.716417651832895E-5
8.9 4.626398068349356E-5
8.91 4.5376151326040004E-5
8.92 4.45019880099928E-5
8.93 4.3643214994168595E-5
8.94 4.280372734896281E-5
8.950000000000001 4.1932536944981205E-5
8.96 4.1137216434089776E-5
8.97 4.040778362007968E-5
8.98 3.7130290496101165E-5
8.99 3.658359313285939E-5
9.0 2.9878904142601504E-5
9.01 2.940691206686118E-5
9.02 2.8948678451808275E-5
9.03 2.8013948391274816E-5
9.040000000000001 2.757974630205708E-5
9.05 2.6667988371361182E-5
9.06 2.6247423113780786E-5
9.07 2.583168582455533E-5
9.08 2.542966926280064E-5
9.09 2.4524764769238942E-5
9.1 2.4137420554906037E-5
9.11 2.3754261318279596E-5
9.120000000000001 2.336163688071684E-5
9.13 2.2922640088402385E-5
9.14 2.2553169675387336E-5
9.15 2.2189171266734637E-5
9.16 2.1659130553921207E-5
9.17 2.1303647151905373E-5
9.18 2.0950233247966295E-5
9.19 2.059897790166904E-5
9.200000000000001 2.0247545532608803E-5
9.21 1.989965390956234E-5
9.22 1.9553322128197906E-5
9.23 1.9204224079114626E-5
9.24 1.886083835823958E-5
9.25 1.851962932167874E-5
9.26 1.8157276562095778E-5
9.27 1.7820387521941222E-5
9.28 1.7485855046575406E-5
9.29 1.71553676846833E-5
9.3 1.680388449666047E-5
9.31 1.641711470214206E-5
9.32 1.6076324524676673E-5
9.33 1.5783723774250258E-5
9.34 1.5495052081790815E-5
9.35 1.5214353225985776E-5
9.36 1.4780019744553124E-5
9.37 1.4510360821284826E-5
9.38 1.4261654007448986E-5
9.39 1.3088011979914088E-5
9.4 1.2856937305771896E-5
9.41 1.2628847380376166E-5
9.42 1.2410372877961179E-5
9.43 1.1833516395342174E-5
9.44 1.1625296715725042E-5
9.45 1.1423468435954808E-5
9.46 1.1057114650690439E-5
9.47 1.0870259521070848E-5
9.48 1.0342179662470074E-5
9.49 9.452467132698946E-6
9.5 9.296412594707695E-6
9.51 9.141727897533463E-6
9.52 8.988324340846758E-6
9.53 8.836430033023762E-6
9.54 8.686162264963354E-6
9.55 8.539146164579278E-6
9.56 8.312699031054711E-6
9.57 8.07281512766936E-6
9.58 7.933794039231312E-6
9.59 7.795826217194847E-6
9.6 7.65935635443776E-6
9.61 7.515851890806935E-6
9.62 7.381582399747788E-6
9.63 7.248297800399054E-6
9.64 7.11574174889046E-6
9.65 6.984260345847248E-6
9.66 6.829308333113226E-6
9.67 6.699145639831289E-6
9.68 6.569442016599752E-6
9.69 6.440130606704105E-6
9.7 6.3114768532818835E-6
9.71 6.183504201986596E-6
9.72 6.05805354642421E-6
9.73 5.825424105069534E-6
9.74 5.703127310754046E-6
9.75 5.581966571519852E-6
9.76 5.463007999431275E-6
9.77 5.300003242430921E-6
9.78 5.184955560908574E-6
9.79 5.0717663660269615E-6
9.8 4.9608700898653945E-6
9.81 4.8524097115862235E-6
9.82 4.746468155620778E-6
9.83 4.643370549361023E-6
9.84 4.543249339056116E-6
9.85 4.446177975269729E-6
9.86 4.35885732720323E-6
9.87 3.841048704489392E-6
9.88 3.76313032331166E-6
9.89 3.6867057734315094E-6
9.9 3.6130911106276945E-6
9.91 3.452755825209167E-6
9.92 3.3822900827795947E-6
9.93 3.3127708870832924E-6
9.94 3.2440646367184843E-6
9.95 3.1763180756568508E-6
9.96 3.1091936321373913E-6
9.97 3.043030247759324E-6
9.98 2.9777211837179665E-6
9.99 2.913153205833363E-6
10.0 2.849520631318597E-6
10.01 2.7867377656522548E-6
10.02 2.724853740461808E-6
10.03 2.6639972193967265E-6
10.04 2.6040796917699948E-6
10.05 2.545860509219506E-6
10.06 2.4638864460808967E-6
10.07 2.410939098219009E-6
10.08 2.220481532176842E-6
10.09 2.1729301795348067E-6
10.1 2.0260192411649753E-6
10.11 1.9811432428679707E-6
10.12 1.9368364575491825E-6
10.13 1.886722686838618E-6
10.14 1.8439252181334018E-6
10.15 1.8018614314202486E-6
10.16 1.7604317703702677E-6
10.17 1.7198380844246923E-6
10.18 1.677508648806979E-6
10.19 1.63863229700006E-6
10.2 1.6007721326822284E-6
10.21 1.5641572613491574E-6
10.22 1.5287835910244839E-6
10.23 1.4983166734795462E-6
10.24 9.72753360257997E-7
10.25 9.522191000351498E-7
10.26 8.246130795189737E-7
10.27 8.108277952439524E-7
10.28 7.972222999661656E-7
10.29 7.838373302655573E-7
10.3 7.70720008084587E-7
10.31 7.582635058569132E-7
10.32 7.182166506775174E-7
10.33 7.065746819689104E-7
10.34 6.961038097232321E-7
10.35 6.279561831279523E-7
10.36 6.18321876350566E-7
10.37 6.087233577939761E-7
10.38 5.991625123005184E-7
10.39 5.896507696641101E-7
10.4 5.80181121523207E-7
10.41 5.70758428660598E-7
10.42 5.613840495058737E-7
10.43 5.520420706340575E-7
10.44 5.429936153871947E-7
10.45 5.182357904997597E-7
10.46 5.093023189781224E-7
10.47 5.002939876367903E-7
10.48 4.912441728442954E-7
10.49 4.788536261623399E-7
10.5 4.695976063791625E-7
10.51 4.6021030220315164E-7
10.52 4.506998352370973E-7
10.53 4.410922002398581E-7
10.54 4.314188799478038E-7
10.55 4.2173078107447747E-7
10.56 4.120844325712135E-7
10.57 4.0255051564409643E-7
10.58 3.9319953712849354E-7
10.59 3.841031989644492E-7
10.6 3.753272073896603E-7
10.61 3.669338512389053E-7
10.62 3.5896883117617977E-7
10.63 3.514624785876728E-7
10.64 3.444330363582502E-7
10.65 3.3787755275677875E-7
10.66 3.318322152043705E-7
10.67 3.2357185692188894E-7
10.68 3.183755690873178E-7
10.69 3.1352801237988604E-7
10.7 3.089762222979072E-7
10.71 3.0467475517296194E-7
10.72 3.005784486887817E-7
10.73 2.964225428199221E-7
10.74 2.926053937221782E-7
10.75 2.8887231596755965E-7
10.76 2.8519744936141974E-7
10.77 2.814260604962697E-7
10.78 2.7780418429508145E-7
10.79 2.741903096144124E-7
10.8 2.7057840631899813E-7
10.81 2.6696807295927E-7
10.82 2.633639696714707E-7
10.83 2.59773669928223E-7
10.84 2.5620462013751274E-7
10.85 2.526700201691745E-7
10.86 2.491788851613777E-7
10.87 2.457449047351499E-7
10.88 2.423767198127041E-7
10.89 2.39082503140782E-7
10.9 2.3586825116156964E-7
10.91 2.3273741191600047E-7
10.92 2.2969229406209058E-7
10.93 2.2673073021121846E-7
10.94 2.2384823568263996E-7
10.95 2.2105345910182703E-7
10.96 2.175272866550627E-7
10.97 2.1486960993186063E-7
10.98 2.122645550759827E-7
10.99 2.0970460507440034E-7
11.0 2.071833789036719E-7
11.01 2.0469616963059319E-7
11.02 2.0223673587658077E-7
11.03 1.9980152058959858E-7
11.04 1.973881186925842E-7
11.05 1.9499219840995077E-7
11.06 1.9261421789288146E-7
11.07 1.9025010978318802E-7
11.08 1.8790071619118927E-7
11.09 1.8556424283473788E-7
11.1 1.832419115737335E-7
11.11 1.8093164517065814E-7
11.12 1.7863406805861978E-7
11.13 1.7634837696129274E-7
11.14 1.7407492235693985E-7
11.15 1.7181544941987754E-7
11.16 1.6957063689062437E-7
11.17 1.67336530320055E-7
11.18 1.6522572507044382E-7
11.19 1.565205058017939E-7
11.2 1.5447612487827492E-7
11.21 1.5241790651311304E-7
11.22 1.5034473657846036E-7
11.23 1.4825713460988308E-7
11.24 1.4615572370975453E-7
11.25 1.4404229366407446E-7
11.26 1.419185702188148E-7
11.27 1.3978958897301427E-7
11.28 1.3765854466718124E-7
11.29 1.3573566928634262E-7
11.3 1.3381764644836355E-7
11.31 1.319063699114354E-7
11.32 1.301933359306425E-7
11.33 1.2848736563046764E-7
11.34 1.2678860904925136E-7
11.35 1.250971271255583E-7
11.36 1.2341298109559373E-7
11.37 1.2173623248202633E-7
11.38 1.2006703251363882E-7
11.39 1.1840535378811628E-7
11.4 1.1675134801903674E-7
11.41 1.1510498828389265E-7
11.42 1.134663373185807E-7
11.43 1.1183545807865483E-7
11.44 1.1021223487251158E-7
11.45 1.085965522339334E-7
11.46 1.0698820546977447E-7
11.47 1.0538681124409428E-7
11.48 1.0379180757037217E-7
11.49 1.0220254324924618E-7
11.5 1.0061800956462152E-7
11.51 9.903675084991763E-8
11.52 9.745731166743805E-8
11.53 9.587778963225601E-8
11.54 9.429583541681901E-8
11.55 9.270918936301243E-8
11.56 9.111523430978836E-8
11.57 8.951153220741914E-8
11.58 8.789591355634386E-8
11.59 8.626683515096934E-8
11.6 8.462329064929982E-8
11.61 8.296525775309867E-8
11.62 8.1294055955014E-8
11.63 7.961198880085313E-8
11.64 7.792279107435513E-8
11.65 7.623111007832145E-8
11.66 7.45427828926761E-8
11.67 7.286148256002427E-8
11.68 7.157114324053831E-8
11.69 7.028868479349974E-8
11.7 6.901417697877501E-8
11.71 6.774768990237198E-8
11.72 6.648929403565002E-8
11.73 6.523906023435726E-8
11.74 6.399705976194423E-8
11.75 6.276336431800764E-8
11.76 6.15380460685409E-8
11.77 6.032117768393381E-8
11.78 5.9112832380556346E-8
11.79 5.79130839727973E-8
11.8 5.6722006930996794E-8
11.81 5.553967645040954E-8
11.82 5.4366168534440235E-8
11.83 5.320156009017008E-8
11.84 5.20459290450209E-8
11.85 5.0899354481344305E-8
11.86 4.976191680287072E-8
11.87 4.863369793077921E-8
11.88 4.751478154003101E-8
11.89 4.640525334969623E-8
11.9 4.5305201469392965E-8
11.91 4.4214716828754755E-8
11.92 4.313389369940353E-8
11.93 4.2062830340821834E-8
11.94 4.100162979950472E-8
11.95 3.9950400904521E-8
11.96 3.8909259514784453E-8
11.97 3.787833009182609E-8
11.98 3.685774769623643E-8
11.99 3.58476605412682E-8
12.0 3.4848233284047496E-8
12.01 3.38596513050592E-8
12.02 3.288212632344908E-8
12.03 3.1915903839625715E-8
12.04 3.0961273106991954E-8
12.05 3.001858064991637E-8
12.06 2.90882488231959E-8
12.07 2.8170801644510252E-8
12.08 2.7266901281649758E-8
12.09 2.637740039470282E-8
12.1 2.5503418427868063E-8
12.11 2.464645452555418E-8
12.12 2.3808556723630523E-8
12.13 2.299257631136034E-8
12.14 2.220254184187026E-8
12.15 2.144415329419283E-8
12.16 2.0725137370429613E-8
12.17 2.0053774982765927E-8
12.18 1.942788536082925E-8
12.19 1.9179689753169498E-8
12.2 5.1221660952234335E-21
12.21 2.479787405513759E-21
12.22 1.177549022380042E-21
12.23 5.4843969401331295E-22
12.24 2.505396813245002E-22
12.25 1.1224318859629105E-22
12.26 4.9312337331382755E-23
12.27 2.1242719164091453E-23
12.28 8.968699136456164E-24
12.29 3.708242239484017E-24
12.3 1.4984633561499987E-24
12.31 5.88703373946323E-25
12.32 2.2178885291155786E-25
12.33 7.693350631440252E-26
12.34 2.1052924997905458E-26
12.35 0.0
