0.000196	0.000196	0	0	0	0	0	0	0	0	0	0	0	0	0	0	0	0	0	0	0	0	0	0	0	0	
0.000196	0.000784	0	0	0	0	0	0	0	0	0	0	0	0	0	0	0	0	0	0	0	0	0	0	0	0
0	0	0.004096	0.001444	0.000484	0.000484	0.000484	0	0	0	0	0	0	0	0	0	0	0	0	0	0	0	0	0	0	0	
0	0	0.001444	0.004096	0.000484	0.000484	0.000484	0	0	0	0	0	0	0	0	0	0	0	0	0	0	0	0	0	0	0	
0	0	0.000484	0.000484	0.005329	0.001444	0.001444	0	0	0	0	0	0	0	0	0	0	0	0	0	0	0	0	0	0	0	
0	0	0.000484	0.000484	0.001444	0.005329	0.001444	0	0	0	0	0	0	0	0	0	0	0	0	0	0	0	0	0	0	0	
0	0	0.000484	0.000484	0.001444	0.001444	0.004624	0	0	0	0	0	0	0	0	0	0	0	0	0	0	0	0	0	0	0	
0	0	0	0	0	0	0	0.001764	0.0016	0.0016	0	0	0	0	0	0	0	0	0	0	0	0	0	0	0	0	
0	0	0	0	0	0	0	0.0016	0.001849	0.0016	0	0	0	0	0	0	0	0	0	0	0	0	0	0	0	0	
0	0	0	0	0	0	0	0.0016	0.0016	0.023104	0	0	0	0	0	0	0	0	0	0	0	0	0	0	0	0
0	0	0	0	0	0	0	0	0	0	0.002916	0.0004	0.0004	0	0	0	0	0	0	0	0	0	0	0	0	0	
0	0	0	0	0	0	0	0	0	0	0.0004	0.002916	0.0004	0	0	0	0	0	0	0	0	0	0	0	0	0
0	0	0	0	0	0	0	0	0	0	0.0004	0.0004	0.004489	0	0	0	0	0	0	0	0	0	0	0	0	0	
0	0	0	0	0	0	0	0	0	0	0	0	0	0.011449	0	0	0	0	0	0	0	0	0	0	0	0	
0	0	0	0	0	0	0	0	0	0	0	0	0	0	0.001024	0	0	0	0	0	0	0	0	0	0	0	
0	0	0	0	0	0	0	0	0	0	0	0	0	0	0	0.002916	0	0	0	0	0	0	0	0	0	0	
0	0	0	0	0	0	0	0	0	0	0	0	0	0	0	0	0.000441	0	0	0	0	0	0	0	0	0	
0	0	0	0	0	0	0	0	0	0	0	0	0	0	0	0	0	0.000196	0	0	0	0	0	0	0	0	
0	0	0	0	0	0	0	0	0	0	0	0	0	0	0	0	0	0	4.55346e-04  4.54970e-04  4.55486e-04  4.55191e-04  4.54816e-04  4.54895e-04  4.54603e-04  4.55659e-04	
0	0	0	0	0	0	0	0	0	0	0	0	0	0	0	0	0	0	4.54970e-04  4.54826e-04  4.55190e-04  4.54968e-04  4.54758e-04  4.54804e-04  4.54670e-04  4.55366e-04	
0	0	0	0	0	0	0	0	0	0	0	0	0	0	0	0	0	0	4.55486e-04  4.55190e-04  4.56659e-04  4.56128e-04  4.55295e-04  4.55293e-04  4.54906e-04  4.58191e-04	
0	0	0	0	0	0	0	0	0	0	0	0	0	0	0	0	0	0	4.55191e-04  4.54968e-04  4.56128e-04  4.55878e-04  4.55318e-04  4.55233e-04  4.55023e-04  4.57627e-04	
0	0	0	0	0	0	0	0	0	0	0	0	0	0	0	0	0	0	4.54816e-04  4.54758e-04  4.55295e-04  4.55318e-04  4.55246e-04  4.55122e-04  4.55198e-04  4.56404e-04	
0	0	0	0	0	0	0	0	0	0	0	0	0	0	0	0	0	0	4.54895e-04  4.54804e-04  4.55294e-04  4.55233e-04  4.55122e-04  4.55057e-04  4.55073e-04  4.56151e-04	
0	0	0	0	0	0	0	0	0	0	0	0	0	0	0	0	0	0	4.54603e-04  4.54670e-04  4.54906e-04  4.55023e-04  4.55198e-04  4.55073e-04  4.55319e-04  4.55910e-04	
0	0	0	0	0	0	0	0	0	0	0	0	0	0	0	0	0	0	4.55659e-04  4.55366e-04  4.58191e-04  4.57627e-04  4.56404e-04  4.56151e-04  4.55910e-04  4.62832e-04	