   1.80 0.000000e+000
   1.81 3.163640e-007
   1.82 6.104013e-007
   1.83 8.190443e-007
   1.84 9.979932e-007
   1.85 1.161573e-006
   1.86 1.315989e-006
   1.87 1.464563e-006
   1.88 1.609302e-006
   1.89 1.751519e-006
   1.90 1.892124e-006
   1.91 2.031775e-006
   1.92 2.170961e-006
   1.93 2.310060e-006
   1.94 2.449366e-006
   1.95 2.589114e-006
   1.96 2.729497e-006
   1.97 2.870671e-006
   1.98 3.012765e-006
   1.99 3.155891e-006
   2.00 3.300140e-006
   2.01 3.445591e-006
   2.02 3.592314e-006
   2.03 3.740366e-006
   2.04 3.889798e-006
   2.05 4.040657e-006
   2.06 4.192982e-006
   2.07 4.346806e-006
   2.08 4.502162e-006
   2.09 4.659077e-006
   2.10 4.817575e-006
   2.11 4.977679e-006
   2.12 5.139408e-006
   2.13 5.302780e-006
   2.14 5.467812e-006
   2.15 5.634517e-006
   2.16 5.802910e-006
   2.17 5.973002e-006
   2.18 6.144805e-006
   2.19 6.318328e-006
   2.20 6.493580e-006
   2.21 6.670571e-006
   2.22 6.849307e-006
   2.23 7.029797e-006
   2.24 7.212046e-006
   2.25 7.396060e-006
   2.26 7.581845e-006
   2.27 7.769406e-006
   2.28 7.958749e-006
   2.29 8.149876e-006
   2.30 8.342793e-006
   2.31 8.537503e-006
   2.32 8.734009e-006
   2.33 8.932315e-006
   2.34 9.132424e-006
   2.35 9.334338e-006
   2.36 9.538060e-006
   2.37 9.743593e-006
   2.38 9.950938e-006
   2.39 1.016010e-005
   2.40 1.037108e-005
   2.41 1.058387e-005
   2.42 1.079849e-005
   2.43 1.101492e-005
   2.44 1.123318e-005
   2.45 1.145327e-005
   2.46 1.167518e-005
   2.47 1.189891e-005
   2.48 1.212448e-005
   2.49 1.235187e-005
   2.50 1.258109e-005
   2.51 1.281215e-005
   2.52 1.304503e-005
   2.53 1.327975e-005
   2.54 1.351630e-005
   2.55 1.375468e-005
   2.56 1.399490e-005
   2.57 1.423695e-005
   2.58 1.448083e-005
   2.59 1.472655e-005
   2.60 1.497411e-005
   2.61 1.522350e-005
   2.62 1.547473e-005
   2.63 1.572779e-005
   2.64 1.598269e-005
   2.65 1.623943e-005
   2.66 1.649801e-005
   2.67 1.675842e-005
   2.68 1.702067e-005
   2.69 1.728475e-005
   2.70 1.755068e-005
   2.71 1.781844e-005
   2.72 1.808804e-005
   2.73 1.835947e-005
   2.74 1.863275e-005
   2.75 1.890786e-005
   2.76 1.918481e-005
   2.77 1.946359e-005
   2.78 1.974422e-005
   2.79 2.002668e-005
   2.80 2.031097e-005
   2.81 2.059711e-005
   2.82 2.088508e-005
   2.83 2.117488e-005
   2.84 2.146653e-005
   2.85 2.176001e-005
   2.86 2.205532e-005
   2.87 2.235248e-005
   2.88 2.265146e-005
   2.89 2.295229e-005
   2.90 2.325495e-005
   2.91 2.355944e-005
   2.92 2.386577e-005
   2.93 2.417393e-005
   2.94 2.448393e-005
   2.95 2.479576e-005
   2.96 2.510943e-005
   2.97 2.542493e-005
   2.98 2.574226e-005
   2.99 2.606142e-005
   3.00 2.638242e-005
   3.01 2.670525e-005
   3.02 2.702991e-005
   3.03 2.735641e-005
   3.04 2.768473e-005
   3.05 2.801489e-005
   3.06 2.834687e-005
   3.07 2.868069e-005
   3.08 2.901634e-005
   3.09 2.935382e-005
   3.10 2.969312e-005
   3.11 3.003426e-005
   3.12 3.037723e-005
   3.13 3.072202e-005
   3.14 3.106864e-005
   3.15 3.141709e-005
   3.16 3.176737e-005
   3.17 3.211947e-005
   3.18 3.247340e-005
   3.19 3.282915e-005
   3.20 3.318674e-005
   3.21 3.354614e-005
   3.22 3.390738e-005
   3.23 3.427043e-005
   3.24 3.463532e-005
   3.25 3.500202e-005
   3.26 3.537055e-005
   3.27 3.574090e-005
   3.28 3.611308e-005
   3.29 3.648708e-005
   3.30 3.686289e-005
   3.31 3.724054e-005
   3.32 3.762000e-005
   3.33 3.800128e-005
   3.34 3.838438e-005
   3.35 3.876931e-005
   3.36 3.915605e-005
   3.37 3.954461e-005
   3.38 3.993499e-005
   3.39 4.032719e-005
   3.40 4.072121e-005
   3.41 4.111705e-005
   3.42 4.151470e-005
   3.43 4.191417e-005
   3.44 4.231545e-005
   3.45 4.271855e-005
   3.46 4.312347e-005
   3.47 4.353020e-005
   3.48 4.393875e-005
   3.49 4.434911e-005
   3.50 4.476128e-005
   3.51 4.517527e-005
   3.52 4.559107e-005
   3.53 4.600868e-005
   3.54 4.642810e-005
   3.55 4.684934e-005
   3.56 4.727239e-005
   3.57 4.769725e-005
   3.58 4.812391e-005
   3.59 4.855239e-005
   3.60 4.898268e-005
   3.61 4.941478e-005
   3.62 4.984868e-005
   3.63 5.028440e-005
   3.64 5.072192e-005
   3.65 5.116125e-005
   3.66 5.160238e-005
   3.67 5.204533e-005
   3.68 5.249007e-005
   3.69 5.293663e-005
   3.70 5.338499e-005
   3.71 5.383515e-005
   3.72 5.428712e-005
   3.73 5.474089e-005
   3.74 5.519646e-005
   3.75 5.565384e-005
   3.76 5.611302e-005
   3.77 5.657400e-005
   3.78 5.703679e-005
   3.79 5.750137e-005
   3.80 5.796776e-005
   3.81 5.843595e-005
   3.82 5.890593e-005
   3.83 5.937772e-005
   3.84 5.985130e-005
   3.85 6.032669e-005
   3.86 6.080387e-005
   3.87 6.128284e-005
   3.88 6.176362e-005
   3.89 6.224619e-005
   3.90 6.273056e-005
   3.91 6.321673e-005
   3.92 6.370469e-005
   3.93 6.419444e-005
   3.94 6.468599e-005
   3.95 6.517933e-005
   3.96 6.567447e-005
   3.97 6.617140e-005
   3.98 6.667013e-005
   3.99 6.717064e-005
   4.00 6.767295e-005
   4.01 6.817705e-005
   4.02 6.868294e-005
   4.03 6.919062e-005
   4.04 6.970008e-005
   4.05 7.021134e-005
   4.06 7.072439e-005
   4.07 7.123923e-005
   4.08 7.175586e-005
   4.09 7.227427e-005
   4.10 7.279447e-005
   4.11 7.331646e-005
   4.12 7.384023e-005
   4.13 7.436579e-005
   4.14 7.489314e-005
   4.15 7.542227e-005
   4.16 7.595318e-005
   4.17 7.648588e-005
   4.18 7.702036e-005
   4.19 7.755663e-005
   4.20 7.809468e-005
   4.21 7.863451e-005
   4.22 7.917612e-005
   4.23 7.971952e-005
   4.24 8.026469e-005
   4.25 8.081165e-005
   4.26 8.136039e-005
   4.27 8.191090e-005
   4.28 8.246320e-005
   4.29 8.301727e-005
   4.30 8.357312e-005
   4.31 8.413075e-005
   4.32 8.469016e-005
   4.33 8.525135e-005
   4.34 8.581431e-005
   4.35 8.637904e-005
   4.36 8.694556e-005
   4.37 8.751384e-005
   4.38 8.808391e-005
   4.39 8.865574e-005
   4.40 8.922935e-005
   4.41 8.980474e-005
   4.42 9.038189e-005
   4.43 9.096082e-005
   4.44 9.154152e-005
   4.45 9.212400e-005
   4.46 9.270824e-005
   4.47 9.329425e-005
   4.48 9.388204e-005
   4.49 9.447159e-005
   4.50 9.506291e-005
   4.51 9.565601e-005
   4.52 9.625087e-005
   4.53 9.684749e-005
   4.54 9.744589e-005
   4.55 9.804605e-005
   4.56 9.864798e-005
   4.57 9.925168e-005
   4.58 9.985714e-005
   4.59 1.004644e-004
   4.60 1.010734e-004
   4.61 1.016841e-004
   4.62 1.022966e-004
   4.63 1.029109e-004
   4.64 1.035270e-004
   4.65 1.041448e-004
   4.66 1.047643e-004
   4.67 1.053857e-004
   4.68 1.060088e-004
   4.69 1.066336e-004
   4.70 1.072602e-004
   4.71 1.078886e-004
   4.72 1.085187e-004
   4.73 1.091506e-004
   4.74 1.097843e-004
   4.75 1.104197e-004
   4.76 1.110568e-004
   4.77 1.116958e-004
   4.78 1.123364e-004
   4.79 1.129789e-004
   4.80 1.136231e-004
   4.81 1.142690e-004
   4.82 1.149167e-004
   4.83 1.155662e-004
   4.84 1.162174e-004
   4.85 1.168703e-004
   4.86 1.175250e-004
   4.87 1.181815e-004
   4.88 1.188397e-004
   4.89 1.194997e-004
   4.90 1.201614e-004
   4.91 1.208249e-004
   4.92 1.214901e-004
   4.93 1.221571e-004
   4.94 1.228258e-004
   4.95 1.234963e-004
   4.96 1.241685e-004
   4.97 1.248424e-004
   4.98 1.255182e-004
   4.99 1.261956e-004
   5.00 1.268748e-004
   5.01 1.275558e-004
   5.02 1.282385e-004
   5.03 1.289229e-004
   5.04 1.296091e-004
   5.05 1.302970e-004
   5.06 1.309867e-004
   5.07 1.316781e-004
   5.08 1.323713e-004
   5.09 1.330662e-004
   5.10 1.337629e-004
   5.11 1.344612e-004
   5.12 1.351614e-004
   5.13 1.358632e-004
   5.14 1.365669e-004
   5.15 1.372722e-004
   5.16 1.379793e-004
   5.17 1.386881e-004
   5.18 1.393987e-004
   5.19 1.401110e-004
   5.20 1.408250e-004
   5.21 1.415408e-004
   5.22 1.422583e-004
   5.23 1.429776e-004
   5.24 1.436986e-004
   5.25 1.444213e-004
   5.26 1.451458e-004
   5.27 1.458720e-004
   5.28 1.465999e-004
   5.29 1.473295e-004
   5.30 1.480609e-004
   5.31 1.487941e-004
   5.32 1.495289e-004
   5.33 1.502655e-004
   5.34 1.510038e-004
   5.35 1.517439e-004
   5.36 1.524857e-004
   5.37 1.532292e-004
   5.38 1.539744e-004
   5.39 1.547214e-004
   5.40 1.554701e-004
   5.41 1.562205e-004
   5.42 1.569726e-004
   5.43 1.577265e-004
   5.44 1.584821e-004
   5.45 1.592395e-004
   5.46 1.599985e-004
   5.47 1.607593e-004
   5.48 1.615218e-004
   5.49 1.622860e-004
   5.50 1.630520e-004
   5.51 1.638197e-004
   5.52 1.645891e-004
   5.53 1.653602e-004
   5.54 1.661331e-004
   5.55 1.669076e-004
   5.56 1.676839e-004
   5.57 1.684619e-004
   5.58 1.692417e-004
   5.59 1.700231e-004
   5.60 1.708063e-004
   5.61 1.715912e-004
   5.62 1.723778e-004
   5.63 1.731661e-004
   5.64 1.739561e-004
   5.65 1.747479e-004
   5.66 1.755414e-004
   5.67 1.763366e-004
   5.68 1.771335e-004
   5.69 1.779321e-004
   5.70 1.787324e-004
   5.71 1.795345e-004
   5.72 1.803383e-004
   5.73 1.811437e-004
   5.74 1.819509e-004
   5.75 1.827598e-004
   5.76 1.835705e-004
   5.77 1.843828e-004
   5.78 1.851968e-004
   5.79 1.860126e-004
   5.80 1.868301e-004
   5.81 1.876492e-004
   5.82 1.884701e-004
   5.83 1.892927e-004
   5.84 1.901170e-004
   5.85 1.909430e-004
   5.86 1.917707e-004
   5.87 1.926001e-004
   5.88 1.934313e-004
   5.89 1.942641e-004
   5.90 1.950986e-004
   5.91 1.959349e-004
   5.92 1.967728e-004
   5.93 1.976125e-004
   5.94 1.984539e-004
   5.95 1.992969e-004
   5.96 2.001417e-004
   5.97 2.009882e-004
   5.98 2.018363e-004
   5.99 2.026862e-004
   6.00 2.035378e-004
   6.01 2.043910e-004
   6.02 2.052460e-004
   6.03 2.061027e-004
   6.04 2.069611e-004
   6.05 2.078211e-004
   6.06 2.086829e-004
   6.07 2.095464e-004
   6.08 2.104116e-004
   6.09 2.112784e-004
   6.10 2.121470e-004
   6.11 2.130172e-004
   6.12 2.138892e-004
   6.13 2.147628e-004
   6.14 2.156382e-004
   6.15 2.165152e-004
   6.16 2.173940e-004
   6.17 2.182744e-004
   6.18 2.191565e-004
   6.19 2.200403e-004
   6.20 2.209258e-004
   6.21 2.218130e-004
   6.22 2.227019e-004
   6.23 2.235925e-004
   6.24 2.244847e-004
   6.25 2.253787e-004
   6.26 2.262744e-004
   6.27 2.271717e-004
   6.28 2.280707e-004
   6.29 2.289714e-004
   6.30 2.298738e-004
   6.31 2.307779e-004
   6.32 2.316837e-004
   6.33 2.325912e-004
   6.34 2.335003e-004
   6.35 2.344111e-004
   6.36 2.353237e-004
   6.37 2.362379e-004
   6.38 2.371538e-004
   6.39 2.380713e-004
   6.40 2.389906e-004
   6.41 2.399115e-004
   6.42 2.408341e-004
   6.43 2.417584e-004
   6.44 2.426844e-004
   6.45 2.436121e-004
   6.46 2.445414e-004
   6.47 2.454725e-004
   6.48 2.464052e-004
   6.49 2.473395e-004
   6.50 2.482756e-004
   6.51 2.492133e-004
   6.52 2.501528e-004
   6.53 2.510939e-004
   6.54 2.520366e-004
   6.55 2.529811e-004
   6.56 2.539272e-004
   6.57 2.548750e-004
   6.58 2.558245e-004
   6.59 2.567756e-004
   6.60 2.577285e-004
   6.61 2.586829e-004
   6.62 2.596391e-004
   6.63 2.605970e-004
   6.64 2.615565e-004
   6.65 2.625177e-004
   6.66 2.634805e-004
   6.67 2.644451e-004
   6.68 2.654113e-004
   6.69 2.663791e-004
   6.70 2.673487e-004
   6.71 2.683199e-004
   6.72 2.692928e-004
   6.73 2.702673e-004
   6.74 2.712435e-004
   6.75 2.722214e-004
   6.76 2.732010e-004
   6.77 2.741822e-004
   6.78 2.751651e-004
   6.79 2.761496e-004
   6.80 2.771358e-004
   6.81 2.781237e-004
   6.82 2.791133e-004
   6.83 2.801045e-004
   6.84 2.810973e-004
   6.85 2.820919e-004
   6.86 2.830881e-004
   6.87 2.840859e-004
   6.88 2.850854e-004
   6.89 2.860866e-004
   6.90 2.870895e-004
   6.91 2.880940e-004
   6.92 2.891001e-004
   6.93 2.901079e-004
   6.94 2.911174e-004
   6.95 2.921286e-004
   6.96 2.931414e-004
   6.97 2.941558e-004
   6.98 2.951719e-004
   6.99 2.961897e-004
   7.00 2.972091e-004
   7.01 2.982302e-004
   7.02 2.992529e-004
   7.03 3.002773e-004
   7.04 3.013034e-004
   7.05 3.023311e-004
   7.06 3.033604e-004
   7.07 3.043914e-004
   7.08 3.054241e-004
   7.09 3.064584e-004
   7.10 3.074944e-004
   7.11 3.085320e-004
   7.12 3.095712e-004
   7.13 3.106121e-004
   7.14 3.116547e-004
   7.15 3.126989e-004
   7.16 3.137448e-004
   7.17 3.147923e-004
   7.18 3.158415e-004
   7.19 3.168923e-004
   7.20 3.179447e-004
   7.21 3.189988e-004
   7.22 3.200546e-004
   7.23 3.211120e-004
   7.24 3.221710e-004
   7.25 3.232317e-004
   7.26 3.242940e-004
   7.27 3.253580e-004
   7.28 3.264236e-004
   7.29 3.274909e-004
   7.30 3.285598e-004
   7.31 3.296303e-004
   7.32 3.307025e-004
   7.33 3.317763e-004
   7.34 3.328518e-004
   7.35 3.339289e-004
   7.36 3.350077e-004
   7.37 3.360880e-004
   7.38 3.371701e-004
   7.39 3.382537e-004
   7.40 3.393390e-004
   7.41 3.404260e-004
   7.42 3.415146e-004
   7.43 3.426048e-004
   7.44 3.436966e-004
   7.45 3.447901e-004
   7.46 3.458853e-004
   7.47 3.469820e-004
   7.48 3.480804e-004
   7.49 3.491804e-004
   7.50 3.502821e-004
   7.51 3.513854e-004
   7.52 3.524903e-004
   7.53 3.535969e-004
   7.54 3.547051e-004
   7.55 3.558149e-004
   7.56 3.569264e-004
   7.57 3.580395e-004
   7.58 3.591542e-004
   7.59 3.602705e-004
   7.60 3.613885e-004
   7.61 3.625081e-004
   7.62 3.636293e-004
   7.63 3.647522e-004
   7.64 3.658767e-004
   7.65 3.670028e-004
   7.66 3.681305e-004
   7.67 3.692599e-004
   7.68 3.703909e-004
   7.69 3.715235e-004
   7.70 3.726578e-004
   7.71 3.737936e-004
   7.72 3.749311e-004
   7.73 3.760703e-004
   7.74 3.772110e-004
   7.75 3.783534e-004
   7.76 3.794973e-004
   7.77 3.806430e-004
   7.78 3.817902e-004
   7.79 3.829390e-004
   7.80 3.840895e-004
   7.81 3.852416e-004
   7.82 3.863953e-004
   7.83 3.875506e-004
   7.84 3.887076e-004
   7.85 3.898661e-004
   7.86 3.910263e-004
   7.87 3.921881e-004
   7.88 3.933515e-004
   7.89 3.945166e-004
   7.90 3.956832e-004
   7.91 3.968515e-004
   7.92 3.980213e-004
   7.93 3.991928e-004
   7.94 4.003659e-004
   7.95 4.015407e-004
   7.96 4.027170e-004
   7.97 4.038949e-004
   7.98 4.050745e-004
   7.99 4.062557e-004
   8.00 4.074385e-004
   8.01 4.086229e-004
   8.02 4.098089e-004
   8.03 4.109965e-004
   8.04 4.121857e-004
   8.05 4.133765e-004
   8.06 4.145690e-004
   8.07 4.157630e-004
   8.08 4.169587e-004
   8.09 4.181559e-004
   8.10 4.193548e-004
   8.11 4.205553e-004
   8.12 4.217574e-004
   8.13 4.229611e-004
   8.14 4.241664e-004
   8.15 4.253733e-004
   8.16 4.265818e-004
   8.17 4.277919e-004
   8.18 4.290036e-004
   8.19 4.302169e-004
   8.20 4.314318e-004
   8.21 4.326483e-004
   8.22 4.338664e-004
   8.23 4.350862e-004
   8.24 4.363075e-004
   8.25 4.375304e-004
   8.26 4.387549e-004
   8.27 4.399811e-004
   8.28 4.412088e-004
   8.29 4.424381e-004
   8.30 4.436690e-004
   8.31 4.449015e-004
   8.32 4.461356e-004
   8.33 4.473713e-004
   8.34 4.486087e-004
   8.35 4.498476e-004
   8.36 4.510880e-004
   8.37 4.523301e-004
   8.38 4.535738e-004
   8.39 4.548191e-004
   8.40 4.560660e-004
   8.41 4.573144e-004
   8.42 4.585645e-004
   8.43 4.598161e-004
   8.44 4.610694e-004
   8.45 4.623242e-004
   8.46 4.635806e-004
   8.47 4.648387e-004
   8.48 4.660983e-004
   8.49 4.673595e-004
   8.50 4.686222e-004
   8.51 4.698866e-004
   8.52 4.711526e-004
   8.53 4.724201e-004
   8.54 4.736893e-004
   8.55 4.749600e-004
   8.56 4.762323e-004
   8.57 4.775062e-004
   8.58 4.787817e-004
   8.59 4.800587e-004
   8.60 4.813374e-004
   8.61 4.826176e-004
   8.62 4.838994e-004
   8.63 4.851828e-004
   8.64 4.864678e-004
   8.65 4.877544e-004
   8.66 4.890425e-004
   8.67 4.903322e-004
   8.68 4.916236e-004
   8.69 4.929164e-004
   8.70 4.942109e-004
   8.71 4.955070e-004
   8.72 4.968046e-004
   8.73 4.981038e-004
   8.74 4.994046e-004
   8.75 5.007070e-004
   8.76 5.020109e-004
   8.77 5.033164e-004
   8.78 5.046235e-004
   8.79 5.059322e-004
   8.80 5.072424e-004
   8.81 5.085543e-004
   8.82 5.098677e-004
   8.83 5.111826e-004
   8.84 5.124992e-004
   8.85 5.138173e-004
   8.86 5.151370e-004
   8.87 5.164583e-004
   8.88 5.177811e-004
   8.89 5.191055e-004
   8.90 5.204315e-004
   8.91 5.217590e-004
   8.92 5.230881e-004
   8.93 5.244188e-004
   8.94 5.257511e-004
   8.95 5.270849e-004
   8.96 5.284203e-004
   8.97 5.297573e-004
   8.98 5.310958e-004
   8.99 5.324359e-004
   9.00 5.337776e-004
   9.01 5.351208e-004
   9.02 5.364656e-004
   9.03 5.378120e-004
   9.04 5.391599e-004
   9.05 5.405094e-004
   9.06 5.418605e-004
   9.07 5.432131e-004
   9.08 5.445673e-004
   9.09 5.459230e-004
   9.10 5.472804e-004
   9.11 5.486392e-004
   9.12 5.499997e-004
   9.13 5.513617e-004
   9.14 5.527252e-004
   9.15 5.540903e-004
   9.16 5.554570e-004
   9.17 5.568252e-004
   9.18 5.581950e-004
   9.19 5.595664e-004
   9.20 5.609393e-004
   9.21 5.623138e-004
   9.22 5.636898e-004
   9.23 5.650674e-004
   9.24 5.664465e-004
   9.25 5.678272e-004
   9.26 5.692095e-004
   9.27 5.705933e-004
   9.28 5.719786e-004
   9.29 5.733655e-004
   9.30 5.747540e-004
   9.31 5.761440e-004
   9.32 5.775356e-004
   9.33 5.789287e-004
   9.34 5.803234e-004
   9.35 5.817196e-004
   9.36 5.831174e-004
   9.37 5.845167e-004
   9.38 5.859176e-004
   9.39 5.873200e-004
   9.40 5.887240e-004
   9.41 5.901295e-004
   9.42 5.915366e-004
   9.43 5.929452e-004
   9.44 5.943553e-004
   9.45 5.957671e-004
   9.46 5.971803e-004
   9.47 5.985951e-004
   9.48 6.000115e-004
   9.49 6.014294e-004
   9.50 6.028488e-004
   9.51 6.042698e-004
   9.52 6.056923e-004
   9.53 6.071164e-004
   9.54 6.085420e-004
   9.55 6.099692e-004
   9.56 6.113979e-004
   9.57 6.128281e-004
   9.58 6.142599e-004
   9.59 6.156932e-004
   9.60 6.171281e-004
   9.61 6.185645e-004
   9.62 6.200024e-004
   9.63 6.214419e-004
   9.64 6.228829e-004
   9.65 6.243254e-004
   9.66 6.257695e-004
   9.67 6.272152e-004
   9.68 6.286623e-004
   9.69 6.301110e-004
   9.70 6.315613e-004
   9.71 6.330130e-004
   9.72 6.344663e-004
   9.73 6.359212e-004
   9.74 6.373776e-004
   9.75 6.388355e-004
   9.76 6.402949e-004
   9.77 6.417559e-004
   9.78 6.432184e-004
   9.79 6.446824e-004
   9.80 6.461480e-004
   9.81 6.476151e-004
   9.82 6.490837e-004
   9.83 6.505539e-004
   9.84 6.520256e-004
   9.85 6.534988e-004
   9.86 6.549735e-004
   9.87 6.564498e-004
   9.88 6.579276e-004
   9.89 6.594069e-004
   9.90 6.608878e-004
   9.91 6.623702e-004
   9.92 6.638541e-004
   9.93 6.653395e-004
   9.94 6.668265e-004
   9.95 6.683150e-004
   9.96 6.698050e-004
   9.97 6.712965e-004
   9.98 6.727896e-004
   9.99 6.742841e-004
  10.00 6.757802e-004
  11.00 8.330017e-004
  12.00 1.004999e-003
  13.00 1.191329e-003
  14.00 1.391551e-003
  15.00 1.605225e-003
  16.00 1.831912e-003
  17.00 2.071173e-003
  18.00 2.322571e-003
  19.00 2.585668e-003
  20.00 2.860029e-003
  21.00 3.145217e-003
  22.00 3.440797e-003
  23.00 3.746335e-003
  24.00 4.061398e-003
  25.00 4.385551e-003
  26.00 4.718363e-003
  27.00 5.059400e-003
  28.00 5.408231e-003
  29.00 5.764425e-003
  30.00 6.127551e-003
  31.00 6.497180e-003
  32.00 6.872881e-003
  33.00 7.254224e-003
  34.00 7.640783e-003
  35.00 8.032127e-003
  36.00 8.427829e-003
  37.00 8.827462e-003
  38.00 9.230599e-003
  39.00 9.636814e-003
  40.00 1.004568e-002
  41.00 1.045677e-002
  42.00 1.086966e-002
  43.00 1.128393e-002
  44.00 1.169915e-002
  45.00 1.211490e-002
  46.00 1.253075e-002
  47.00 1.294629e-002
  48.00 1.336108e-002
  49.00 1.377471e-002
  50.00 1.418676e-002
  51.00 1.459680e-002
  52.00 1.500441e-002
  53.00 1.540917e-002
  54.00 1.581067e-002
  55.00 1.620848e-002
  56.00 1.660218e-002
  57.00 1.699136e-002
  58.00 1.737559e-002
  59.00 1.775446e-002
  60.00 1.812755e-002
  61.00 1.849444e-002
  62.00 1.885472e-002
  63.00 1.920797e-002
  64.00 1.955378e-002
  65.00 1.989172e-002
  66.00 2.022139e-002
  67.00 2.054236e-002
  68.00 2.085422e-002
  69.00 2.115657e-002
  70.00 2.144898e-002
  71.00 2.173105e-002
  72.00 2.200235e-002
  73.00 2.226248e-002
  74.00 2.251103e-002
  75.00 2.274758e-002
  76.00 2.297172e-002
  77.00 2.318305e-002
  78.00 2.338114e-002
  79.00 2.356560e-002
  80.00 2.373600e-002
  81.00 2.389195e-002
  82.00 2.403303e-002
  83.00 2.415883e-002
  84.00 2.426895e-002
  85.00 2.436297e-002
  86.00 2.444050e-002
  87.00 2.450112e-002
  88.00 2.454442e-002
  89.00 2.457001e-002
  90.00 2.457747e-002
  91.00 2.456640e-002
  92.00 2.453639e-002
  93.00 2.448704e-002
  94.00 2.441795e-002
  95.00 2.432870e-002
  96.00 2.421890e-002
  97.00 2.408815e-002
  98.00 2.393604e-002
  99.00 2.376216e-002
 100.00 2.356612e-002
 110.00 2.029850e-002
 120.00 1.437496e-002
 130.00 5.399598e-003
 140.00 -6.829816e-003
 150.00 -2.104866e-002
 160.00 -3.693248e-002
 170.00 -5.446224e-002
 180.00 -7.361914e-002
 190.00 -9.438471e-002
 200.00 -1.167404e-001
 210.00 -1.406674e-001
 220.00 -1.661477e-001
 230.00 -1.931632e-001
 240.00 -2.216945e-001
 250.00 -2.517246e-001
 260.00 -2.832345e-001
 270.00 -3.162068e-001
 280.00 -3.506223e-001
 290.00 -3.864633e-001
 300.00 -4.237107e-001
 310.00 -4.623481e-001
 320.00 -5.023554e-001
 330.00 -5.437162e-001
 340.00 -5.864117e-001
 350.00 -6.304234e-001
 360.00 -6.757344e-001
 370.00 -7.223243e-001
 380.00 -7.701765e-001
 390.00 -8.192720e-001
 400.00 -8.695933e-001
 410.00 -9.211250e-001
 420.00 -9.738423e-001
 430.00 -1.027736e+000
 440.00 -1.082780e+000
 450.00 -1.138961e+000
 460.00 -1.196255e+000
 470.00     nan
 480.00     nan
 490.00     nan
 500.00     nan
