4.55e-04    4.54e-04        4.55e-04        4.55e-04        4.54e-04        4.54e-04        4.54e-04        4.55e-04	    0.000       0.000       0.000       0.000       0.000       0.000       0.000       0.000       0.000       0.000       0.000       0.000
4.54e-04    4.54e-04        4.55e-04        4.54e-04        4.54e-04        4.54e-04        4.54e-04        4.55e-04 	    0.000       0.000       0.000       0.000       0.000       0.000       0.000       0.000       0.000       0.000       0.000       0.000
4.55e-04    4.55e-04        4.56e-04        4.56e-04        4.55e-04        4.55e-04        4.54e-04        4.58e-04	    0.000       0.000       0.000       0.000       0.000       0.000       0.000       0.000       0.000       0.000       0.000       0.000
4.55e-04    4.54e-04        4.56e-04        4.55e-04        4.55e-04        4.55e-04        4.55e-04        4.57e-04	    0.000       0.000       0.000       0.000       0.000       0.000       0.000       0.000       0.000       0.000       0.000       0.000
4.54e-04    4.54e-04        4.55e-04        4.55e-04        4.55e-04        4.55e-04        4.55e-04        4.56e-04	    0.000       0.000       0.000       0.000       0.000       0.000       0.000       0.000       0.000       0.000       0.000       0.000
4.54e-04    4.54e-04        4.55e-04        4.55e-04        4.55e-04        4.55e-04        4.55e-04        4.56e-04	    0.000       0.000       0.000       0.000       0.000       0.000       0.000       0.000       0.000       0.000       0.000       0.000
4.54e-04    4.54e-04        4.54e-04        4.55e-04        4.55e-04        4.55e-04        4.55e-04        4.55e-04	    0.000       0.000       0.000       0.000       0.000       0.000       0.000       0.000       0.000       0.000       0.000       0.000
4.55e-04    4.55e-04        4.58e-04        4.57e-04        4.56e-04        4.56e-04        4.55e-04        4.62e-04	    0.000       0.000       0.000       0.000       0.000       0.000       0.000       0.000       0.000       0.000       0.000       0.000
0.000       0.000           0.000           0.000           0.000           0.000           0.000           0.000           2.268e-04 	2.01e-04    2.01e-04    2.01e-04	2.01e-04    2.01e-04    2.01e-04	2.01e-04	2.01e-04	2.01e-04	2.01e-04    2.01e-04
0.000       0.000           0.000           0.000           0.000           0.000           0.000           0.000           2.01e-04	2.66e-04	2.66e-04	2.66e-04	2.66e-04	2.66e-04	2.66e-04	2.66e-04	2.66e-04	2.66e-04	2.66e-04    2.01e-04
0.000       0.000           0.000           0.000           0.000           0.000           0.000           0.000           2.01e-04	2.66e-04	2.66e-04	2.66e-04	2.66e-04	2.66e-04	2.66e-04	2.66e-04	2.66e-04	2.66e-04	2.66e-04    2.01e-04
0.000       0.000           0.000           0.000           0.000           0.000           0.000           0.000           2.01e-04	2.66e-04	2.66e-04	2.66e-04	2.66e-04	2.66e-04	2.66e-04	2.66e-04	2.66e-04	2.66e-04	2.66e-04    2.01e-04
0.000       0.000           0.000           0.000           0.000           0.000           0.000           0.000           2.01e-04	2.66e-04	2.66e-04	2.66e-04 	2.66e-04	2.66e-04	2.66e-04	2.66e-04	2.66e-04	2.66e-04	2.66e-04    2.01e-04
0.000       0.000           0.000           0.000           0.000           0.000           0.000           0.000           2.01e-04	2.66e-04	2.66e-04	2.66e-04	2.66e-04	2.66e-04	2.66e-04	2.66e-04	2.66e-04	2.66e-04	2.66e-04    2.01e-04
0.000       0.000           0.000           0.000           0.000           0.000           0.000           0.000           2.01e-04	2.66e-04	2.66e-04	2.66e-04	2.66e-04	2.66e-04	2.66e-04	2.66e-04	2.66e-04	2.66e-04	2.66e-04    2.01e-04
0.000       0.000           0.000           0.000           0.000           0.000           0.000           0.000           2.01e-04	2.66e-04	2.66e-04	2.66e-04	2.66e-04	2.66e-04	2.66e-04	2.66e-04	2.66e-04	2.66e-04	2.66e-04    2.01e-04
0.000       0.000           0.000           0.000           0.000           0.000           0.000           0.000           2.01e-04	2.66e-04	2.66e-04	2.66e-04	2.66e-04	2.66e-04	2.66e-04	2.66e-04	2.66e-04	2.66e-04	2.66e-04    2.01e-04
0.000       0.000           0.000           0.000           0.000           0.000           0.000           0.000           2.01e-04	2.66e-04	2.66e-04	2.66e-04	2.66e-04	2.66e-04	2.66e-04	2.66e-04	2.66e-04	2.66e-04	2.66e-04    2.01e-04
0.000       0.000           0.000           0.000           0.000           0.000           0.000           0.000           2.01e-04	2.66e-04	2.66e-04	2.66e-04	2.66e-04	2.66e-04	2.66e-04	2.66e-04	2.66e-04	2.66e-04	2.66e-04    2.01e-04
0.000       0.000           0.000           0.000           0.000           0.000           0.000           0.000           2.01e-04	2.01e-04	2.01e-04	2.01e-04	2.01e-04	2.01e-04	2.01e-04	2.01e-04	2.01e-04	2.01e-04	2.01e-04	2.268e-4