2.268e-04 	2.01e-04        2.01e-04        2.01e-04	    2.01e-04        2.01e-04        2.01e-04	    2.01e-04	    2.01e-04	    2.01e-04	    2.01e-04    0.00        0.00        0.00        0.00        0.00
2.01e-04	2.66e-04		2.66e-04		2.66e-04		2.66e-04		2.66e-04		2.66e-04		2.66e-04		2.66e-04		2.66e-04		2.66e-04    0.00        0.00        0.00        0.00        0.00
2.01e-04	2.66e-04		2.66e-04		2.66e-04		2.66e-04		2.66e-04		2.66e-04		2.66e-04		2.66e-04		2.66e-04		2.66e-04    0.00        0.00        0.00        0.00        0.00
2.01e-04	2.66e-04		2.66e-04		2.66e-04		2.66e-04		2.66e-04		2.66e-04		2.66e-04		2.66e-04		2.66e-04		2.66e-04    0.00        0.00        0.00        0.00        0.00
2.01e-04	2.66e-04		2.66e-04		2.66e-04 	    2.66e-04		2.66e-04		2.66e-04		2.66e-04		2.66e-04		2.66e-04		2.66e-04    0.00        0.00        0.00        0.00        0.00
2.01e-04	2.66e-04		2.66e-04		2.66e-04		2.66e-04		2.66e-04		2.66e-04		2.66e-04		2.66e-04		2.66e-04		2.66e-04    0.00        0.00        0.00        0.00        0.00
2.01e-04	2.66e-04		2.66e-04		2.66e-04		2.66e-04		2.66e-04		2.66e-04		2.66e-04		2.66e-04		2.66e-04		2.66e-04    0.00        0.00        0.00        0.00        0.00
2.01e-04	2.66e-04		2.66e-04		2.66e-04		2.66e-04		2.66e-04		2.66e-04		2.66e-04		2.66e-04		2.66e-04		2.66e-04    0.00        0.00        0.00        0.00        0.00
2.01e-04	2.66e-04		2.66e-04		2.66e-04		2.66e-04		2.66e-04		2.66e-04		2.66e-04		2.66e-04		2.66e-04		2.66e-04    0.00        0.00        0.00        0.00        0.00
2.01e-04	2.66e-04		2.66e-04		2.66e-04		2.66e-04		2.66e-04		2.66e-04		2.66e-04		2.66e-04		2.66e-04		2.66e-04    0.00        0.00        0.00        0.00        0.00
2.01e-04	2.66e-04		2.66e-04		2.66e-04		2.66e-04		2.66e-04		2.66e-04		2.66e-04		2.66e-04		2.66e-04		2.66e-04    0.00        0.00        0.00        0.00        0.00
0.00        0.00            0.00            0.00            0.00            0.00            0.00            0.00            0.00            0.00            0.00        8.27e-04    8.27e-04    8.27e-04    8.27e-04    8.27e-04
0.00        0.00            0.00            0.00            0.00            0.00            0.00            0.00            0.00            0.00            0.00        8.27e-04    8.27e-04    8.27e-04    8.27e-04    8.27e-04
0.00        0.00            0.00            0.00            0.00            0.00            0.00            0.00            0.00            0.00            0.00        8.27e-04    8.27e-04    8.27e-04    8.27e-04    8.27e-04
0.00        0.00            0.00            0.00            0.00            0.00            0.00            0.00            0.00            0.00            0.00        8.27e-04    8.27e-04    8.27e-04    8.27e-04    8.27e-04
0.00        0.00            0.00            0.00            0.00            0.00            0.00            0.00            0.00            0.00            0.00        8.27e-04    8.27e-04    8.27e-04    8.27e-04    8.27e-04