1.22194e-04 0 0 0 0 0 0 0 0 0 0 0 0 0 0 0 0 
0 1.37250e-04 0 0 0 0 0 0 0 0 0 0 0 0 0 0 0
0 0 1.34720e-04 0 0 0 0 0 0 0 0 0 0 0 0 0 0
0 0 0 1.37941e-04 0 0 0 0 0 0 0 0 0 0 0 0 0
0 0 0 0 1.14371e-04 0 0 0 0 0 0 0 0 0 0 0 0
0 0 0 0 0 1.11920e-04 0 0 0 0 0 0 0 0 0 0 0
0 0 0 0 0 0 1.10214e-04 0 0 0 0 0 0 0 0 0 0
0 0 0 0 0 0 0 1.97431e-04 0 0 0 0 0 0 0 0 0
0 0 0 0 0 0 0 0 0.0003706 0 0 0 0 0 0 0 0
0 0 0 0 0 0 0 0 0 0.0003785 0 0 0 0 0 0 0
0 0 0 0 0 0 0 0 0 0 0.0003793 0 0 0 0 0 0
0 0 0 0 0 0 0 0 0 0 0 0.0003783 0 0 0 0 0
0 0 0 0 0 0 0 0 0 0 0 0 0.0003846 0 0 0 0
0 0 0 0 0 0 0 0 0 0 0 0 0 0.0003857 0 0 0
0 0 0 0 0 0 0 0 0 0 0 0 0 0 0.0003883 0 0
0 0 0 0 0 0 0 0 0 0 0 0 0 0 0 0.0003889 0
0 0 0 0 0 0 0 0 0 0 0 0 0 0 0 0 0