3.52e-04 	0.00000 	0.00000 	0.00000 	0.00000 	0.00000 	0.00000 	0.00000 	0.00000 	0.00000 	0.00000
0.00000 	3.91e-04		3.91e-04		3.91e-04		3.91e-04		3.91e-04		3.91e-04		3.91e-04		3.91e-04		3.91e-04		3.91e-04
0.00000 	3.91e-04		3.91e-04		3.91e-04		3.91e-04		3.91e-04		3.91e-04		3.91e-04		3.91e-04		3.91e-04		3.91e-04
0.00000 	3.91e-04		3.91e-04		3.91e-04		3.91e-04		3.91e-04		3.91e-04		3.91e-04		3.91e-04		3.91e-04		3.91e-04
0.00000 	3.91e-04		3.91e-04		3.91e-04 	3.91e-04		3.91e-04		3.91e-04		3.91e-04		3.91e-04		3.91e-04		3.91e-04
0.00000 	3.91e-04		3.91e-04		3.91e-04		3.91e-04		3.91e-04		3.91e-04		3.91e-04		3.91e-04		3.91e-04		3.91e-04
0.00000 	3.91e-04		3.91e-04		3.91e-04		3.91e-04		3.91e-04		3.91e-04		3.91e-04		3.91e-04		3.91e-04		3.91e-04
0.00000 	3.91e-04		3.91e-04		3.91e-04		3.91e-04		3.91e-04		3.91e-04		3.91e-04		3.91e-04		3.91e-04		3.91e-04
0.00000 	3.91e-04		3.91e-04		3.91e-04		3.91e-04		3.91e-04		3.91e-04		3.91e-04		3.91e-04		3.91e-04		3.91e-04
0.00000 	3.91e-04		3.91e-04		3.91e-04		3.91e-04		3.91e-04		3.91e-04		3.91e-04		3.91e-04		3.91e-04		3.91e-04
0.00000 	3.91e-04		3.91e-04		3.91e-04		3.91e-04		3.91e-04		3.91e-04		3.91e-04		3.91e-04		3.91e-04		3.91e-04