1.000000	0.0000000	0.000000	0.0000000	6.04600
0.738684	0.0730995	0.156509	0.0284666	6.06468
0.685563	0.0734546	0.206818	0.0333130	5.99768
0.641774	0.0741996	0.245269	0.0377506	5.93640
0.604384	0.0745612	0.274199	0.0433747	5.87520
0.571352	0.0743097	0.299955	0.0506554	5.83018
0.540855	0.0752786	0.322035	0.0571381	5.79182
0.515964	0.0759060	0.338537	0.0642763	5.76332
0.493327	0.0761534	0.352189	0.0720263	5.73575
0.471692	0.0749699	0.367391	0.0787188	5.70024
0.449199	0.0751500       0.380052	0.0886498	5.68166