2.583e-04 	1.573e-04       1.573e-04	1.573e-04	1.573e-04	1.573e-04	1.573e-04	1.573e-04	1.573e-04	1.573e-04	1.573e-04 	1.573e-04	1.573e-04	1.573e-04	1.573e-04	1.573e-04	1.573e-04	1.573e-04	1.573e-04	1.573e-04	1.573e-04	1.573e-04	1.573e-04
1.573e-04	2.222e-04       2.222e-04	2.222e-04	2.222e-04	2.222e-04	2.222e-04	2.222e-04	2.222e-04	2.222e-04	2.222e-04 	1.573e-04	1.573e-04	1.573e-04	1.573e-04	1.573e-04	1.573e-04	1.573e-04	1.573e-04	1.573e-04	1.573e-04	1.573e-04	1.573e-04
1.573e-04	2.222e-04       2.222e-04	2.222e-04	2.222e-04	2.222e-04	2.222e-04	2.222e-04	2.222e-04	2.222e-04	2.222e-04 	1.573e-04	1.573e-04	1.573e-04	1.573e-04	1.573e-04	1.573e-04	1.573e-04	1.573e-04	1.573e-04	1.573e-04	1.573e-04	1.573e-04
1.573e-04	2.222e-04       2.222e-04	2.222e-04	2.222e-04	2.222e-04	2.222e-04	2.222e-04	2.222e-04	2.222e-04	2.222e-04 	1.573e-04	1.573e-04	1.573e-04	1.573e-04	1.573e-04	1.573e-04	1.573e-04	1.573e-04	1.573e-04	1.573e-04	1.573e-04	1.573e-04
1.573e-04	2.222e-04       2.222e-04	2.222e-04	2.222e-04	2.222e-04	2.222e-04	2.222e-04	2.222e-04	2.222e-04	2.222e-04 	1.573e-04	1.573e-04	1.573e-04	1.573e-04	1.573e-04	1.573e-04	1.573e-04	1.573e-04	1.573e-04	1.573e-04	1.573e-04	1.573e-04
1.573e-04	2.222e-04       2.222e-04	2.222e-04	2.222e-04	2.222e-04	2.222e-04	2.222e-04	2.222e-04	2.222e-04	2.222e-04 	1.573e-04	1.573e-04	1.573e-04	1.573e-04	1.573e-04	1.573e-04	1.573e-04	1.573e-04	1.573e-04	1.573e-04	1.573e-04	1.573e-04
1.573e-04	2.222e-04       2.222e-04	2.222e-04	2.222e-04	2.222e-04	2.222e-04	2.222e-04	2.222e-04	2.222e-04	2.222e-04 	1.573e-04	1.573e-04	1.573e-04	1.573e-04	1.573e-04	1.573e-04	1.573e-04	1.573e-04	1.573e-04	1.573e-04	1.573e-04	1.573e-04
1.573e-04	2.222e-04       2.222e-04	2.222e-04	2.222e-04	2.222e-04	2.222e-04	2.222e-04	2.222e-04	2.222e-04	2.222e-04 	1.573e-04	1.573e-04	1.573e-04	1.573e-04	1.573e-04	1.573e-04	1.573e-04	1.573e-04	1.573e-04	1.573e-04	1.573e-04	1.573e-04
1.573e-04	2.222e-04       2.222e-04	2.222e-04	2.222e-04	2.222e-04	2.222e-04	2.222e-04	2.222e-04	2.222e-04	2.222e-04 	1.573e-04	1.573e-04	1.573e-04	1.573e-04	1.573e-04	1.573e-04	1.573e-04	1.573e-04	1.573e-04	1.573e-04	1.573e-04	1.573e-04
1.573e-04	2.222e-04       2.222e-04	2.222e-04	2.222e-04	2.222e-04	2.222e-04	2.222e-04	2.222e-04	2.222e-04	2.222e-04 	1.573e-04	1.573e-04	1.573e-04	1.573e-04	1.573e-04	1.573e-04	1.573e-04	1.573e-04	1.573e-04	1.573e-04	1.573e-04	1.573e-04
1.573e-04	2.222e-04       2.222e-04	2.222e-04	2.222e-04	2.222e-04	2.222e-04	2.222e-04	2.222e-04	2.222e-04	2.222e-04 	1.573e-04	1.573e-04	1.573e-04	1.573e-04	1.573e-04	1.573e-04	1.573e-04	1.573e-04	1.573e-04	1.573e-04	1.573e-04	1.573e-04
1.573e-04	1.573e-04	1.573e-04	1.573e-04	1.573e-04	1.573e-04	1.573e-04	1.573e-04	1.573e-04	1.573e-04	1.573e-04	2.222e-04 	2.222e-04 	2.222e-04 	2.222e-04 	2.222e-04 	2.222e-04 	2.222e-04 	2.222e-04 	2.222e-04 	2.222e-04	1.573e-04	1.573e-04
1.573e-04	1.573e-04	1.573e-04	1.573e-04	1.573e-04	1.573e-04	1.573e-04	1.573e-04	1.573e-04	1.573e-04	1.573e-04	2.222e-04 	2.222e-04 	2.222e-04 	2.222e-04 	2.222e-04 	2.222e-04 	2.222e-04 	2.222e-04 	2.222e-04 	2.222e-04	1.573e-04	1.573e-04
1.573e-04	1.573e-04	1.573e-04	1.573e-04	1.573e-04	1.573e-04	1.573e-04	1.573e-04	1.573e-04	1.573e-04	1.573e-04	2.222e-04 	2.222e-04 	2.222e-04 	2.222e-04 	2.222e-04 	2.222e-04 	2.222e-04 	2.222e-04 	2.222e-04 	2.222e-04	1.573e-04	1.573e-04
1.573e-04	1.573e-04	1.573e-04	1.573e-04	1.573e-04	1.573e-04	1.573e-04	1.573e-04	1.573e-04	1.573e-04	1.573e-04	2.222e-04 	2.222e-04 	2.222e-04 	2.222e-04 	2.222e-04 	2.222e-04 	2.222e-04 	2.222e-04 	2.222e-04 	2.222e-04	1.573e-04	1.573e-04
1.573e-04	1.573e-04	1.573e-04	1.573e-04	1.573e-04	1.573e-04	1.573e-04	1.573e-04	1.573e-04	1.573e-04	1.573e-04	2.222e-04 	2.222e-04 	2.222e-04 	2.222e-04 	2.222e-04 	2.222e-04 	2.222e-04 	2.222e-04 	2.222e-04 	2.222e-04	1.573e-04	1.573e-04
1.573e-04	1.573e-04	1.573e-04	1.573e-04	1.573e-04	1.573e-04	1.573e-04	1.573e-04	1.573e-04	1.573e-04	1.573e-04	2.222e-04 	2.222e-04 	2.222e-04 	2.222e-04 	2.222e-04 	2.222e-04 	2.222e-04 	2.222e-04 	2.222e-04 	2.222e-04	1.573e-04	1.573e-04
1.573e-04	1.573e-04	1.573e-04	1.573e-04	1.573e-04	1.573e-04	1.573e-04	1.573e-04	1.573e-04	1.573e-04	1.573e-04	2.222e-04 	2.222e-04 	2.222e-04 	2.222e-04 	2.222e-04 	2.222e-04 	2.222e-04 	2.222e-04 	2.222e-04 	2.222e-04	1.573e-04	1.573e-04
1.573e-04	1.573e-04	1.573e-04	1.573e-04	1.573e-04	1.573e-04	1.573e-04	1.573e-04	1.573e-04	1.573e-04	1.573e-04	2.222e-04 	2.222e-04 	2.222e-04 	2.222e-04 	2.222e-04 	2.222e-04 	2.222e-04 	2.222e-04 	2.222e-04 	2.222e-04	1.573e-04	1.573e-04
1.573e-04	1.573e-04	1.573e-04	1.573e-04	1.573e-04	1.573e-04	1.573e-04	1.573e-04	1.573e-04	1.573e-04	1.573e-04	2.222e-04 	2.222e-04 	2.222e-04 	2.222e-04 	2.222e-04 	2.222e-04 	2.222e-04 	2.222e-04 	2.222e-04 	2.222e-04	1.573e-04	1.573e-04
1.573e-04	1.573e-04	1.573e-04	1.573e-04	1.573e-04	1.573e-04	1.573e-04	1.573e-04	1.573e-04	1.573e-04	1.573e-04	2.222e-04 	2.222e-04 	2.222e-04 	2.222e-04 	2.222e-04 	2.222e-04 	2.222e-04 	2.222e-04 	2.222e-04 	2.222e-04	1.573e-04	1.573e-04 	
1.573e-04	1.573e-04	1.573e-04	1.573e-04	1.573e-04	1.573e-04	1.573e-04	1.573e-04	1.573e-04	1.573e-04	1.573e-04	1.573e-04	1.573e-04	1.573e-04	1.573e-04	1.573e-04	1.573e-04	1.573e-04	1.573e-04	1.573e-04	1.573e-04	2.9725e-04	1.573e-04
1.573e-04	1.573e-04	1.573e-04	1.573e-04	1.573e-04	1.573e-04	1.573e-04	1.573e-04	1.573e-04	1.573e-04	1.573e-04	1.573e-04	1.573e-04	1.573e-04	1.573e-04	1.573e-04	1.573e-04	1.573e-04	1.573e-04	1.573e-04	1.573e-04	1.573e-04	2.9725e-04