0 0 0 0 0 0 0 0 0 0 0 0 0 0 0 0 0 0 0 0 0 0 0 0 0 0 0 0 0 0 0 0 0 0 0 0 0 0 0 0 0  0.0  0.00      0.00      0.00      0.00      0.00      0.00      0.00
0 0 0 0 0 0 0 0 0 0 0 0 0 0 0 0 0 0 0 0 0 0 0 0 0 0 0 0 0 0 0 0 0 0 0 0 0 0 0 0 0  0.0  0.00      0.00      0.00      0.00      0.00      0.00      0.00
0 0 0 0 0 0 0 0 0 0 0 0 0 0 0 0 0 0 0 0 0 0 0 0 0 0 0 0 0 0 0 0 0 0 0 0 0 0 0 0 0  0.0  0.00      0.00      0.00      0.00      0.00      0.00      0.00
0 0 0 0 0 0 0 0 0 0 0 0 0 0 0 0 0 0 0 0 0 0 0 0 0 0 0 0 0 0 0 0 0 0 0 0 0 0 0 0 0  0.0  0.00      0.00      0.00      0.00      0.00      0.00      0.00
0 0 0 0 0 0 0 0 0 0 0 0 0 0 0 0 0 0 0 0 0 0 0 0 0 0 0 0 0 0 0 0 0 0 0 0 0 0 0 0 0  0.0  0.00      0.00      0.00      0.00      0.00      0.00      0.00
0 0 0 0 0 0 0 0 0 0 0 0 0 0 0 0 0 0 0 0 0 0 0 0 0 0 0 0 0 0 0 0 0 0 0 0 0 0 0 0 0  0.0  0.00      0.00      0.00      0.00      0.00      0.00      0.00
0 0 0 0 0 0 0 0 0 0 0 0 0 0 0 0 0 0 0 0 0 0 0 0 0 0 0 0 0 0 0 0 0 0 0 0 0 0 0 0 0  0.0  0.00      0.00      0.00      0.00      0.00      0.00      0.00
0 0 0 0 0 0 0 0 0 0 0 0 0 0 0 0 0 0 0 0 0 0 0 0 0 0 0 0 0 0 0 0 0 0 0 0 0 0 0 0 0  0.0  0.00      0.00      0.00      0.00      0.00      0.00      0.00
0 0 0 0 0 0 0 0 0 0 0 0 0 0 0 0 0 0 0 0 0 0 0 0 0 0 0 0 0 0 0 0 0 0 0 0 0 0 0 0 0  0.0  0.00      0.00      0.00      0.00      0.00      0.00      0.00
0 0 0 0 0 0 0 0 0 0 0 0 0 0 0 0 0 0 0 0 0 0 0 0 0 0 0 0 0 0 0 0 0 0 0 0 0 0 0 0 0  0.0  0.00      0.00      0.00      0.00      0.00      0.00      0.00
0 0 0 0 0 0 0 0 0 0 0 0 0 0 0 0 0 0 0 0 0 0 0 0 0 0 0 0 0 0 0 0 0 0 0 0 0 0 0 0 0  0.0  0.00      0.00      0.00      0.00      0.00      0.00      0.00
0 0 0 0 0 0 0 0 0 0 0 0 0 0 0 0 0 0 0 0 0 0 0 0 0 0 0 0 0 0 0 0 0 0 0 0 0 0 0 0 0  0.0  0.00      0.00      0.00      0.00      0.00      0.00      0.00
0 0 0 0 0 0 0 0 0 0 0 0 0 0 0 0 0 0 0 0 0 0 0 0 0 0 0 0 0 0 0 0 0 0 0 0 0 0 0 0 0  0.0  0.00      0.00      0.00      0.00      0.00      0.00      0.00
0 0 0 0 0 0 0 0 0 0 0 0 0 0 0 0 0 0 0 0 0 0 0 0 0 0 0 0 0 0 0 0 0 0 0 0 0 0 0 0 0  0.0  0.00      0.00      0.00      0.00      0.00      0.00      0.00
0 0 0 0 0 0 0 0 0 0 0 0 0 0 0 0 0 0 0 0 0 0 0 0 0 0 0 0 0 0 0 0 0 0 0 0 0 0 0 0 0  0.0  0.00      0.00      0.00      0.00      0.00      0.00      0.00
0 0 0 0 0 0 0 0 0 0 0 0 0 0 0 0 0 0 0 0 0 0 0 0 0 0 0 0 0 0 0 0 0 0 0 0 0 0 0 0 0  0.0  0.00      0.00      0.00      0.00      0.00      0.00      0.00
0 0 0 0 0 0 0 0 0 0 0 0 0 0 0 0 0 0 0 0 0 0 0 0 0 0 0 0 0 0 0 0 0 0 0 0 0 0 0 0 0  0.0  0.00      0.00      0.00      0.00      0.00      0.00      0.00
0 0 0 0 0 0 0 0 0 0 0 0 0 0 0 0 0 0 0 0 0 0 0 0 0 0 0 0 0 0 0 0 0 0 0 0 0 0 0 0 0  0.0  0.00      0.00      0.00      0.00      0.00      0.00      0.00
0 0 0 0 0 0 0 0 0 0 0 0 0 0 0 0 0 0 0 0 0 0 0 0 0 0 0 0 0 0 0 0 0 0 0 0 0 0 0 0 0  0.0  0.00      0.00      0.00      0.00      0.00      0.00      0.00
0 0 0 0 0 0 0 0 0 0 0 0 0 0 0 0 0 0 0 0 0 0 0 0 0 0 0 0 0 0 0 0 0 0 0 0 0 0 0 0 0  0.0  0.00      0.00      0.00      0.00      0.00      0.00      0.00
0 0 0 0 0 0 0 0 0 0 0 0 0 0 0 0 0 0 0 0 0 0 0 0 0 0 0 0 0 0 0 0 0 0 0 0 0 0 0 0 0  0.0  0.00      0.00      0.00      0.00      0.00      0.00      0.00
0 0 0 0 0 0 0 0 0 0 0 0 0 0 0 0 0 0 0 0 0 0 0 0 0 0 0 0 0 0 0 0 0 0 0 0 0 0 0 0 0  0.0  0.00      0.00      0.00      0.00      0.00      0.00      0.00
0 0 0 0 0 0 0 0 0 0 0 0 0 0 0 0 0 0 0 0 0 0 0 0 0 0 0 0 0 0 0 0 0 0 0 0 0 0 0 0 0  0.0  0.00      0.00      0.00      0.00      0.00      0.00      0.00
0 0 0 0 0 0 0 0 0 0 0 0 0 0 0 0 0 0 0 0 0 0 0 0 0 0 0 0 0 0 0 0 0 0 0 0 0 0 0 0 0  0.0  0.00      0.00      0.00      0.00      0.00      0.00      0.00
0 0 0 0 0 0 0 0 0 0 0 0 0 0 0 0 0 0 0 0 0 0 0 0 0.0003706 0 0 0 0 0 0 0 0 0 0 0 0 0 0 0 0  0.0  0.00      0.00      0.00      0.00      0.00      0.00      0.00
0 0 0 0 0 0 0 0 0 0 0 0 0 0 0 0 0 0 0 0 0 0 0 0 0 0.0003785 0 0 0 0 0 0 0 0 0 0 0 0 0 0 0  0.0  0.00      0.00      0.00      0.00      0.00      0.00      0.00
0 0 0 0 0 0 0 0 0 0 0 0 0 0 0 0 0 0 0 0 0 0 0 0 0 0 0.0003793 0 0 0 0 0 0 0 0 0 0 0 0 0 0  0.0  0.00      0.00      0.00      0.00      0.00      0.00      0.00
0 0 0 0 0 0 0 0 0 0 0 0 0 0 0 0 0 0 0 0 0 0 0 0 0 0 0 0.0003783 0 0 0 0 0 0 0 0 0 0 0 0 0  0.0  0.00      0.00      0.00      0.00      0.00      0.00      0.00
0 0 0 0 0 0 0 0 0 0 0 0 0 0 0 0 0 0 0 0 0 0 0 0 0 0 0 0 0.0003846 0 0 0 0 0 0 0 0 0 0 0 0  0.0  0.00      0.00      0.00      0.00      0.00      0.00      0.00
0 0 0 0 0 0 0 0 0 0 0 0 0 0 0 0 0 0 0 0 0 0 0 0 0 0 0 0 0 0.0003857 0 0 0 0 0 0 0 0 0 0 0  0.0  0.00      0.00      0.00      0.00      0.00      0.00      0.00
0 0 0 0 0 0 0 0 0 0 0 0 0 0 0 0 0 0 0 0 0 0 0 0 0 0 0 0 0 0 0.0003883 0 0 0 0 0 0 0 0 0 0  0.0  0.00      0.00      0.00      0.00      0.00      0.00      0.00
0 0 0 0 0 0 0 0 0 0 0 0 0 0 0 0 0 0 0 0 0 0 0 0 0 0 0 0 0 0 0 0.0003889 0 0 0 0 0 0 0 0 0  0.0  0.00      0.00      0.00      0.00      0.00      0.00      0.00
0 0 0 0 0 0 0 0 0 0 0 0 0 0 0 0 0 0 0 0 0 0 0 0 0 0 0 0 0 0 0 0 2.44388e-04 0 0 0 0 0 0 0 0  0.0  0.00      0.00      0.00      0.00      0.00      0.00      0.00
0 0 0 0 0 0 0 0 0 0 0 0 0 0 0 0 0 0 0 0 0 0 0 0 0 0 0 0 0 0 0 0 0 2.745e-04 0 0 0 0 0 0 0  0.0  0.00      0.00      0.00      0.00      0.00      0.00      0.00
0 0 0 0 0 0 0 0 0 0 0 0 0 0 0 0 0 0 0 0 0 0 0 0 0 0 0 0 0 0 0 0 0 0 2.6944e-04 0 0 0 0 0 0  0.0  0.00      0.00      0.00      0.00      0.00      0.00      0.00
0 0 0 0 0 0 0 0 0 0 0 0 0 0 0 0 0 0 0 0 0 0 0 0 0 0 0 0 0 0 0 0 0 0 0 2.75882e-04 0 0 0 0 0  0.0  0.00      0.00      0.00      0.00      0.00      0.00      0.00
0 0 0 0 0 0 0 0 0 0 0 0 0 0 0 0 0 0 0 0 0 0 0 0 0 0 0 0 0 0 0 0 0 0 0 0 2.28742e-04 0 0 0 0  0.0  0.00      0.00      0.00      0.00      0.00      0.00      0.00
0 0 0 0 0 0 0 0 0 0 0 0 0 0 0 0 0 0 0 0 0 0 0 0 0 0 0 0 0 0 0 0 0 0 0 0 0 2.2384e-04 0 0 0  0.0  0.00      0.00      0.00      0.00      0.00      0.00      0.00
0 0 0 0 0 0 0 0 0 0 0 0 0 0 0 0 0 0 0 0 0 0 0 0 0 0 0 0 0 0 0 0 0 0 0 0 0 0 2.20428e-04 0 0  0.0  0.00      0.00      0.00      0.00      0.00      0.00      0.00
0 0 0 0 0 0 0 0 0 0 0 0 0 0 0 0 0 0 0 0 0 0 0 0 0 0 0 0 0 0 0 0 0 0 0 0 0 0 0 3.94862e-04 0  0.0  0.00      0.00      0.00      0.00      0.00      0.00      0.00
0 0 0 0 0 0 0 0 0 0 0 0 0 0 0 0 0 0 0 0 0 0 0 0 0 0 0 0 0 0 0 0 0 0 0 0 0 0 0 0 8.9492e-5  0.0  0.00      0.00      0.00      0.00      0.00      0.00      0.00
0 0 0 0 0 0 0 0 0 0 0 0 0 0 0 0 0 0 0 0 0 0 0 0 0 0 0 0 0 0 0 0 0 0 0 0 0 0 0 0 0.00 2.44388e-04  0.00      0.00      0.00      0.00      0.00      0.00      0.00
0 0 0 0 0 0 0 0 0 0 0 0 0 0 0 0 0 0 0 0 0 0 0 0 0 0 0 0 0 0 0 0 0 0 0 0 0 0 0 0 0.00	0  2.745e-04  0.00      0.00      0.00      0.00      0.00      0.00
0 0 0 0 0 0 0 0 0 0 0 0 0 0 0 0 0 0 0 0 0 0 0 0 0 0 0 0 0 0 0 0 0 0 0 0 0 0 0 0 0.00	0  0.00     2.6944e-04  0.00      0.00      0.00      0.00      0.00
0 0 0 0 0 0 0 0 0 0 0 0 0 0 0 0 0 0 0 0 0 0 0 0 0 0 0 0 0 0 0 0 0 0 0 0 0 0 0 0 0.00	0  0.00      0.00      2.75882e-04  0.00      0.00      0.00      0.00
0 0 0 0 0 0 0 0 0 0 0 0 0 0 0 0 0 0 0 0 0 0 0 0 0 0 0 0 0 0 0 0 0 0 0 0 0 0 0 0 0.00	0  0.00      0.00      0.00      2.28742e-04  0.00      0.00      0.00
0 0 0 0 0 0 0 0 0 0 0 0 0 0 0 0 0 0 0 0 0 0 0 0 0 0 0 0 0 0 0 0 0 0 0 0 0 0 0 0 0.00	0  0.00      0.00      0.00      0.00      2.2384e-04  0.00      0.00
0 0 0 0 0 0 0 0 0 0 0 0 0 0 0 0 0 0 0 0 0 0 0 0 0 0 0 0 0 0 0 0 0 0 0 0 0 0 0 0 0.00	0  0.00      0.00      0.00      0.00      0.00      2.20428e-04  0.00
0 0 0 0 0 0 0 0 0 0 0 0 0 0 0 0 0 0 0 0 0 0 0 0 0 0 0 0 0 0 0 0 0 0 0 0 0 0 0 0 0.00	0  0.00      0.00      0.00      0.00      0.00      0.00      3.94862e-04