2.583e-04 	0.0       0.0	0.0	0.0	0.0	0.0	0.0	0.0	0.0	0.0 	0.0	0.0	0.0	0.0	0.0	0.0	0.0	0.0	0.0	0.0	0.0	0.0
0.0	2.222e-04       2.222e-04	2.222e-04	2.222e-04	2.222e-04	2.222e-04	2.222e-04	2.222e-04	2.222e-04	2.222e-04 	0.0	0.0	0.0	0.0	0.0	0.0	0.0	0.0	0.0	0.0	0.0	0.0
0.0	2.222e-04       2.222e-04	2.222e-04	2.222e-04	2.222e-04	2.222e-04	2.222e-04	2.222e-04	2.222e-04	2.222e-04 	0.0	0.0	0.0	0.0	0.0	0.0	0.0	0.0	0.0	0.0	0.0	0.0
0.0	2.222e-04       2.222e-04	2.222e-04	2.222e-04	2.222e-04	2.222e-04	2.222e-04	2.222e-04	2.222e-04	2.222e-04 	0.0	0.0	0.0	0.0	0.0	0.0	0.0	0.0	0.0	0.0	0.0	0.0
0.0	2.222e-04       2.222e-04	2.222e-04	2.222e-04	2.222e-04	2.222e-04	2.222e-04	2.222e-04	2.222e-04	2.222e-04 	0.0	0.0	0.0	0.0	0.0	0.0	0.0	0.0	0.0	0.0	0.0	0.0
0.0	2.222e-04       2.222e-04	2.222e-04	2.222e-04	2.222e-04	2.222e-04	2.222e-04	2.222e-04	2.222e-04	2.222e-04 	0.0	0.0	0.0	0.0	0.0	0.0	0.0	0.0	0.0	0.0	0.0	0.0
0.0	2.222e-04       2.222e-04	2.222e-04	2.222e-04	2.222e-04	2.222e-04	2.222e-04	2.222e-04	2.222e-04	2.222e-04 	0.0	0.0	0.0	0.0	0.0	0.0	0.0	0.0	0.0	0.0	0.0	0.0
0.0	2.222e-04       2.222e-04	2.222e-04	2.222e-04	2.222e-04	2.222e-04	2.222e-04	2.222e-04	2.222e-04	2.222e-04 	0.0	0.0	0.0	0.0	0.0	0.0	0.0	0.0	0.0	0.0	0.0	0.0
0.0	2.222e-04       2.222e-04	2.222e-04	2.222e-04	2.222e-04	2.222e-04	2.222e-04	2.222e-04	2.222e-04	2.222e-04 	0.0	0.0	0.0	0.0	0.0	0.0	0.0	0.0	0.0	0.0	0.0	0.0
0.0	2.222e-04       2.222e-04	2.222e-04	2.222e-04	2.222e-04	2.222e-04	2.222e-04	2.222e-04	2.222e-04	2.222e-04 	0.0	0.0	0.0	0.0	0.0	0.0	0.0	0.0	0.0	0.0	0.0	0.0
0.0	2.222e-04       2.222e-04	2.222e-04	2.222e-04	2.222e-04	2.222e-04	2.222e-04	2.222e-04	2.222e-04	2.222e-04 	0.0	0.0	0.0	0.0	0.0	0.0	0.0	0.0	0.0	0.0	0.0	0.0
0.0	0.0	0.0	0.0	0.0	0.0	0.0	0.0	0.0	0.0	0.0	2.222e-04 	2.222e-04 	2.222e-04 	2.222e-04 	2.222e-04 	2.222e-04 	2.222e-04 	2.222e-04 	2.222e-04 	2.222e-04	0.0	0.0
0.0	0.0	0.0	0.0	0.0	0.0	0.0	0.0	0.0	0.0	0.0	2.222e-04 	2.222e-04 	2.222e-04 	2.222e-04 	2.222e-04 	2.222e-04 	2.222e-04 	2.222e-04 	2.222e-04 	2.222e-04	0.0	0.0
0.0	0.0	0.0	0.0	0.0	0.0	0.0	0.0	0.0	0.0	0.0	2.222e-04 	2.222e-04 	2.222e-04 	2.222e-04 	2.222e-04 	2.222e-04 	2.222e-04 	2.222e-04 	2.222e-04 	2.222e-04	0.0	0.0
0.0	0.0	0.0	0.0	0.0	0.0	0.0	0.0	0.0	0.0	0.0	2.222e-04 	2.222e-04 	2.222e-04 	2.222e-04 	2.222e-04 	2.222e-04 	2.222e-04 	2.222e-04 	2.222e-04 	2.222e-04	0.0	0.0
0.0	0.0	0.0	0.0	0.0	0.0	0.0	0.0	0.0	0.0	0.0	2.222e-04 	2.222e-04 	2.222e-04 	2.222e-04 	2.222e-04 	2.222e-04 	2.222e-04 	2.222e-04 	2.222e-04 	2.222e-04	0.0	0.0
0.0	0.0	0.0	0.0	0.0	0.0	0.0	0.0	0.0	0.0	0.0	2.222e-04 	2.222e-04 	2.222e-04 	2.222e-04 	2.222e-04 	2.222e-04 	2.222e-04 	2.222e-04 	2.222e-04 	2.222e-04	0.0	0.0
0.0	0.0	0.0	0.0	0.0	0.0	0.0	0.0	0.0	0.0	0.0	2.222e-04 	2.222e-04 	2.222e-04 	2.222e-04 	2.222e-04 	2.222e-04 	2.222e-04 	2.222e-04 	2.222e-04 	2.222e-04	0.0	0.0
0.0	0.0	0.0	0.0	0.0	0.0	0.0	0.0	0.0	0.0	0.0	2.222e-04 	2.222e-04 	2.222e-04 	2.222e-04 	2.222e-04 	2.222e-04 	2.222e-04 	2.222e-04 	2.222e-04 	2.222e-04	0.0	0.0
0.0	0.0	0.0	0.0	0.0	0.0	0.0	0.0	0.0	0.0	0.0	2.222e-04 	2.222e-04 	2.222e-04 	2.222e-04 	2.222e-04 	2.222e-04 	2.222e-04 	2.222e-04 	2.222e-04 	2.222e-04	0.0	0.0
0.0	0.0	0.0	0.0	0.0	0.0	0.0	0.0	0.0	0.0	0.0	2.222e-04 	2.222e-04 	2.222e-04 	2.222e-04 	2.222e-04 	2.222e-04 	2.222e-04 	2.222e-04 	2.222e-04 	2.222e-04	0.0	0.0 	
0.0	0.0	0.0	0.0	0.0	0.0	0.0	0.0	0.0	0.0	0.0	0.0	0.0	0.0	0.0	0.0	0.0	0.0	0.0	0.0	0.0	2.9725e-04	0.0
0.0	0.0	0.0	0.0	0.0	0.0	0.0	0.0	0.0	0.0	0.0	0.0	0.0	0.0	0.0	0.0	0.0	0.0	0.0	0.0	0.0	0.0	2.9725e-04