4.46E-6	0	0	0	0	0	0	0	0	0	0	0	0	0	0	0	0	0	0	0	0
0	8.36E-6	0	0	0	0	0	0	0	0	0	0	0	0	0	0	0	0	0	0	0
0	0	8.36E-6	0	0	0	0	0	0	0	0	0	0	0	0	0	0	0	0	0	0
0	0	0	8.36E-6	0	0	0	0	0	0	0	0	0	0	0	0	0	0	0	0	0
0	0	0	0	8.36E-6	0	0	0	0	0	0	0	0	0	0	0	0	0	0	0	0
0	0	0	0	0	8.36E-6	0	0	0	0	0	0	0	0	0	0	0	0	0	0	0
0	0	0	0	0	0	8.36E-6	0	0	0	0	0	0	0	0	0	0	0	0	0	0
0	0	0	0	0	0	0	8.36E-6	0	0	0	0	0	0	0	0	0	0	0	0	0
0	0	0	0	0	0	0	0	8.36E-6	0	0	0	0	0	0	0	0	0	0	0	0
0	0	0	0	0	0	0	0	0	8.36E-6	0	0	0	0	0	0	0	0	0	0	0
0	0	0	0	0	0	0	0	0	0	8.36E-6	0	0	0	0	0	0	0	0	0	0
0	0	0	0	0	0	0	0	0	0	0	7.56E-6	0	0	0	0	0	0	0	0	0
0	0	0	0	0	0	0	0	0	0	0	0	7.56E-6	0	0	0	0	0	0	0	0
0	0	0	0	0	0	0	0	0	0	0	0	0	7.56E-6	0	0	0	0	0	0	0
0	0	0	0	0	0	0	0	0	0	0	0	0	0	7.56E-6	0	0	0	0	0	0
0	0	0	0	0	0	0	0	0	0	0	0	0	0	0	7.56E-6	0	0	0	0	0
0	0	0	0	0	0	0	0	0	0	0	0	0	0	0	0	7.56E-6	0	0	0	0
0	0	0	0	0	0	0	0	0	0	0	0	0	0	0	0	0	7.56E-6	0	0	0
0	0	0	0	0	0	0	0	0	0	0	0	0	0	0	0	0	0	7.56E-6	0	0
0	0	0	0	0	0	0	0	0	0	0	0	0	0	0	0	0	0	0	7.56E-6	0
0	0	0	0	0	0	0	0	0	0	0	0	0	0	0	0	0	0	0	0	7.56E-6	