2.23E-6	0	0	0	0	0	0	0	0	0	0	0	0	0	0	0	0	0	0	0	0
0	4.18E-6	0	0	0	0	0	0	0	0	0	0	0	0	0	0	0	0	0	0	0
0	0	4.18E-6	0	0	0	0	0	0	0	0	0	0	0	0	0	0	0	0	0	0
0	0	0	4.18E-6	0	0	0	0	0	0	0	0	0	0	0	0	0	0	0	0	0
0	0	0	0	4.18E-6	0	0	0	0	0	0	0	0	0	0	0	0	0	0	0	0
0	0	0	0	0	4.18E-6	0	0	0	0	0	0	0	0	0	0	0	0	0	0	0
0	0	0	0	0	0	4.18E-6	0	0	0	0	0	0	0	0	0	0	0	0	0	0
0	0	0	0	0	0	0	4.18E-6	0	0	0	0	0	0	0	0	0	0	0	0	0
0	0	0	0	0	0	0	0	4.18E-6	0	0	0	0	0	0	0	0	0	0	0	0
0	0	0	0	0	0	0	0	0	4.18E-6	0	0	0	0	0	0	0	0	0	0	0
0	0	0	0	0	0	0	0	0	0	4.18E-6	0	0	0	0	0	0	0	0	0	0
0	0	0	0	0	0	0	0	0	0	0	3.78E-6	0	0	0	0	0	0	0	0	0
0	0	0	0	0	0	0	0	0	0	0	0	3.78E-6	0	0	0	0	0	0	0	0
0	0	0	0	0	0	0	0	0	0	0	0	0	3.78E-6	0	0	0	0	0	0	0
0	0	0	0	0	0	0	0	0	0	0	0	0	0	3.78E-6	0	0	0	0	0	0
0	0	0	0	0	0	0	0	0	0	0	0	0	0	0	3.78E-6	0	0	0	0	0
0	0	0	0	0	0	0	0	0	0	0	0	0	0	0	0	3.78E-6	0	0	0	0
0	0	0	0	0	0	0	0	0	0	0	0	0	0	0	0	0	3.78E-6	0	0	0
0	0	0	0	0	0	0	0	0	0	0	0	0	0	0	0	0	0	3.78E-6	0	0
0	0	0	0	0	0	0	0	0	0	0	0	0	0	0	0	0	0	0	3.78E-6	0
0	0	0	0	0	0	0	0	0	0	0	0	0	0	0	0	0	0	0	0	3.78E-6	