8.260e-04 	2.01e-04        2.01e-04        2.01e-04	    2.01e-04        2.01e-04        2.01e-04	    2.01e-04	    2.01e-04	    2.01e-04	    2.01e-04    0               0
2.01e-04	8.27e-04		8.27e-04		8.27e-04		8.27e-04		8.27e-04		8.27e-04		8.27e-04		8.27e-04		8.27e-04		8.27e-04    0               0
2.01e-04	8.27e-04		8.27e-04		8.27e-04		8.27e-04		8.27e-04		8.27e-04		8.27e-04		8.27e-04		8.27e-04		8.27e-04    0               0
2.01e-04	8.27e-04		8.27e-04		8.27e-04		8.27e-04		8.27e-04		8.27e-04		8.27e-04		8.27e-04		8.27e-04		8.27e-04    0               0
2.01e-04	8.27e-04		8.27e-04		8.27e-04 	    8.27e-04		8.27e-04		8.27e-04		8.27e-04		8.27e-04		8.27e-04		8.27e-04    0               0
2.01e-04	8.27e-04		8.27e-04		8.27e-04		8.27e-04		8.27e-04		8.27e-04		8.27e-04		8.27e-04		8.27e-04		8.27e-04    0               0
2.01e-04	8.27e-04		8.27e-04		8.27e-04		8.27e-04		8.27e-04		8.27e-04		8.27e-04		8.27e-04		8.27e-04		8.27e-04    0               0
2.01e-04	8.27e-04		8.27e-04		8.27e-04		8.27e-04		8.27e-04		8.27e-04		8.27e-04		8.27e-04		8.27e-04		8.27e-04    0               0
2.01e-04	8.27e-04		8.27e-04		8.27e-04		8.27e-04		8.27e-04		8.27e-04		8.27e-04		8.27e-04		8.27e-04		8.27e-04    0               0
2.01e-04	8.27e-04		8.27e-04		8.27e-04		8.27e-04		8.27e-04		8.27e-04		8.27e-04		8.27e-04		8.27e-04		8.27e-04    0               0
2.01e-04	8.27e-04		8.27e-04		8.27e-04		8.27e-04		8.27e-04		8.27e-04		8.27e-04		8.27e-04		8.27e-04		8.27e-04    0               0
0           0               0               0               0               0               0               0               0               0               0           2.268e-04       0
0           0               0               0               0               0               0               0               0               0               0           0               2.268e-04