2.268e-04 	0               0                0	            0               0               0	            0	            0	            0	            0           0
0	        2.66e-04		2.66e-04		2.66e-04		2.66e-04		2.66e-04		2.66e-04		2.66e-04		2.66e-04		2.66e-04		2.66e-04    0
0	        2.66e-04		2.66e-04		2.66e-04		2.66e-04		2.66e-04		2.66e-04		2.66e-04		2.66e-04		2.66e-04		2.66e-04    0
0	        2.66e-04		2.66e-04		2.66e-04 	    2.66e-04		2.66e-04		2.66e-04		2.66e-04		2.66e-04		2.66e-04		2.66e-04    0
0	        2.66e-04		2.66e-04		2.66e-04		2.66e-04		2.66e-04		2.66e-04		2.66e-04		2.66e-04		2.66e-04		2.66e-04    0
0	        2.66e-04		2.66e-04		2.66e-04		2.66e-04		2.66e-04		2.66e-04		2.66e-04		2.66e-04		2.66e-04		2.66e-04    0
0	        2.66e-04		2.66e-04		2.66e-04		2.66e-04		2.66e-04		2.66e-04		2.66e-04		2.66e-04		2.66e-04		2.66e-04    0
0	        2.66e-04		2.66e-04		2.66e-04		2.66e-04		2.66e-04		2.66e-04		2.66e-04		2.66e-04		2.66e-04		2.66e-04    0
0	        2.66e-04		2.66e-04		2.66e-04		2.66e-04		2.66e-04		2.66e-04		2.66e-04		2.66e-04		2.66e-04		2.66e-04    0
0	        2.66e-04		2.66e-04		2.66e-04		2.66e-04		2.66e-04		2.66e-04		2.66e-04		2.66e-04		2.66e-04		2.66e-04    0
0	        2.66e-04		2.66e-04		2.66e-04		2.66e-04		2.66e-04		2.66e-04		2.66e-04		2.66e-04		2.66e-04		2.66e-04    0
0           0               0               0               0               0               0               0               0               0               0           2.268e-04