0.496	0.087	0.351	0.066	6.1148	1000
0.511	0.087	0.340	0.062	5.7663	415
0.5113	0.0767	0.3445	0.0675	5.8499 550
0.52730	0.07352	0.33411	0.06507	5.695344 294
0.5279	0.0766	0.3326	0.0629	5.8666 550
0.538	0.078	0.328	0.056	5.7485	15
0.538	0.078	0.328	0.056	5.7731	15
0.538	0.078	0.328	0.056	5.8101	40
0.538	0.078	0.328	0.056	5.3476	95
0.5418	0.0764	0.3219	0.0599	5.8828 550
0.543	0.070	0.329	0.058	5.6153	64.7
0.54571	0.07343	0.32010	0.06076	5.756282 294
0.5553	0.0762	0.3113	0.0572	5.9003 550
0.557	0.076	0.313	0.054	5.8807	25
0.55741	0.07434	0.30975	0.05810	5.761770 294
0.56754	0.07429	0.30174	0.05643	5.754780 294
0.5699	0.0760	0.2992	0.0549	5.9378 550
0.57878	0.07392	0.29384	0.05346	5.802084 294
0.584	0.068	0.298	0.050	6.0885	45.9
0.5849	0.0758	0.2878	0.0515	5.9434 550
0.58793	0.07387	0.28674	0.05146	5.810755 294
0.59908	0.07382	0.27861	0.04849	5.829918 294
0.600	0.070	0.270	0.060	6.2519	800
0.603	0.076	0.276	0.045	5.8976	18
0.6033	0.0757	0.2744	0.0466	5.9685 550
0.606	0.074	0.277	0.043	6.0410	18
0.606	0.074	0.274	0.046	5.8320	18
0.606	0.074	0.277	0.043	5.8401	18
0.607	0.074	0.277	0.042	5.6962	18
0.619	0.067	0.272	0.042	5.9858	37.9
0.62001	0.07404	0.26211	0.04384	5.834365 294
0.6304	0.0754	0.2525	0.0417	6.0371 550
