10.270e-04 	0.00000 	0.00000 	0.00000 	0.00000 	0.00000 	0.00000 	0.00000 	0.00000 	0.00000 	0.00000
0.00000 	10.66e-04		10.66e-04		10.66e-04		10.66e-04		10.66e-04		10.66e-04		10.66e-04		10.66e-04		10.66e-04		10.66e-04
0.00000 	10.66e-04		10.66e-04		10.66e-04		10.66e-04		10.66e-04		10.66e-04		10.66e-04		10.66e-04		10.66e-04		10.66e-04
0.00000 	10.66e-04		10.66e-04		10.66e-04		10.66e-04		10.66e-04		10.66e-04		10.66e-04		10.66e-04		10.66e-04		10.66e-04
0.00000 	10.66e-04		10.66e-04		10.66e-04 	10.66e-04		10.66e-04		10.66e-04		10.66e-04		10.66e-04		10.66e-04		10.66e-04
0.00000 	10.66e-04		10.66e-04		10.66e-04		10.66e-04		10.66e-04		10.66e-04		10.66e-04		10.66e-04		10.66e-04		10.66e-04
0.00000 	10.66e-04		10.66e-04		10.66e-04		10.66e-04		10.66e-04		10.66e-04		10.66e-04		10.66e-04		10.66e-04		10.66e-04
0.00000 	10.66e-04		10.66e-04		10.66e-04		10.66e-04		10.66e-04		10.66e-04		10.66e-04		10.66e-04		10.66e-04		10.66e-04
0.00000 	10.66e-04		10.66e-04		10.66e-04		10.66e-04		10.66e-04		10.66e-04		10.66e-04		10.66e-04		10.66e-04		10.66e-04
0.00000 	10.66e-04		10.66e-04		10.66e-04		10.66e-04		10.66e-04		10.66e-04		10.66e-04		10.66e-04		10.66e-04		10.66e-04
0.00000 	10.66e-04		10.66e-04		10.66e-04		10.66e-04		10.66e-04		10.66e-04		10.66e-04		10.66e-04		10.66e-04		10.66e-04