8.260e-04 	2.01e-04        2.01e-04        2.01e-04	    2.01e-04        2.01e-04        2.01e-04	    2.01e-04	    2.01e-04	    2.01e-04	    2.01e-04    2.01e-04
2.01e-04	8.27e-04		8.27e-04		8.27e-04		8.27e-04		8.27e-04		8.27e-04		8.27e-04		8.27e-04		8.27e-04		8.27e-04    2.01e-04
2.01e-04	8.27e-04		8.27e-04		8.27e-04		8.27e-04		8.27e-04		8.27e-04		8.27e-04		8.27e-04		8.27e-04		8.27e-04    2.01e-04
2.01e-04	8.27e-04		8.27e-04		8.27e-04		8.27e-04		8.27e-04		8.27e-04		8.27e-04		8.27e-04		8.27e-04		8.27e-04    2.01e-04
2.01e-04	8.27e-04		8.27e-04		8.27e-04 	    8.27e-04		8.27e-04		8.27e-04		8.27e-04		8.27e-04		8.27e-04		8.27e-04    2.01e-04
2.01e-04	8.27e-04		8.27e-04		8.27e-04		8.27e-04		8.27e-04		8.27e-04		8.27e-04		8.27e-04		8.27e-04		8.27e-04    2.01e-04
2.01e-04	8.27e-04		8.27e-04		8.27e-04		8.27e-04		8.27e-04		8.27e-04		8.27e-04		8.27e-04		8.27e-04		8.27e-04    2.01e-04
2.01e-04	8.27e-04		8.27e-04		8.27e-04		8.27e-04		8.27e-04		8.27e-04		8.27e-04		8.27e-04		8.27e-04		8.27e-04    2.01e-04
2.01e-04	8.27e-04		8.27e-04		8.27e-04		8.27e-04		8.27e-04		8.27e-04		8.27e-04		8.27e-04		8.27e-04		8.27e-04    2.01e-04
2.01e-04	8.27e-04		8.27e-04		8.27e-04		8.27e-04		8.27e-04		8.27e-04		8.27e-04		8.27e-04		8.27e-04		8.27e-04    2.01e-04
2.01e-04	8.27e-04		8.27e-04		8.27e-04		8.27e-04		8.27e-04		8.27e-04		8.27e-04		8.27e-04		8.27e-04		8.27e-04    2.01e-04
2.01e-04    2.01e-04        2.01e-04        2.01e-04        2.01e-04        2.01e-04        2.01e-04        2.01e-04        2.01e-04        2.01e-04        2.01e-04    8.260e-04