1.22194e-04 0 0 0 0 0 0 0 0 0 0 0 0 0 0 0 
0 1.37250e-04 0 0 0 0 0 0 0 0 0 0 0 0 0 0
0 0 1.34720e-04 0 0 0 0 0 0 0 0 0 0 0 0 0
0 0 0 1.37941e-04 0 0 0 0 0 0 0 0 0 0 0 0
0 0 0 0 1.14371e-04 0 0 0 0 0 0 0 0 0 0 0
0 0 0 0 0 1.11920e-04 0 0 0 0 0 0 0 0 0 0
0 0 0 0 0 0 1.10214e-04 0 0 0 0 0 0 0 0 0
0 0 0 0 0 0 0 1.97431e-04 0 0 0 0 0 0 0 0
0 0 0 0 0 0 0 0 0.000303 0 0 0 0 0 0 0
0 0 0 0 0 0 0 0 0  0.000305 0 0 0 0 0 0
0 0 0 0 0 0 0 0 0 0  0.000330 0 0 0 0 0
0 0 0 0 0 0 0 0 0 0 0  0.000335 0 0 0 0
0 0 0 0 0 0 0 0 0 0 0 0  0.000303 0 0 0
0 0 0 0 0 0 0 0 0 0 0 0 0  0.000330 0 0
0 0 0 0 0 0 0 0 0 0 0 0 0 0  0.000330 0
0 0 0 0 0 0 0 0 0 0 0 0 0 0 0  0.000330